   346.299591   0.000000
   351.308258   0.000000
   356.316925   0.000000
   361.325592   0.000000
   366.334259   0.000000
   371.342926   0.000000
   376.351593   1.037601
   381.360260   1.293282
   386.368927   1.460612
   391.377594   1.720897
   396.386292   1.921455
   401.394958   2.720950
   406.403625   2.939073
   411.412292   3.144696
   416.420959   3.318110
   421.429626   3.338265
   426.438293   3.286246
   431.446960   3.203929
   436.455627   3.579492
   441.464294   3.789078
   446.472992   4.028086
   451.481659   4.221498
   456.490326   4.271625
   461.498993   4.345382
   466.507660   4.305749
   471.516327   4.312528
   476.524994   4.389523
   481.533661   4.425449
   486.542328   4.168586
   491.550995   4.271963
   496.559692   4.327841
   501.568359   4.214917
   506.577026   4.269354
   511.585693   4.260729
   516.594360   4.051169
   521.603027   4.139411
   526.611694   4.191396
   531.620361   4.285647
   536.629028   4.283546
   541.637695   4.210349
   546.646362   4.247801
   551.655029   4.232238
   556.663696   4.182599
   561.672363   4.124209
   566.681030   4.092436
   571.689758   4.058471
   576.698425   4.057731
   581.707092   4.083069
   586.715759   3.988553
   591.724426   3.869523
   596.733093   3.917031
   601.741760   3.925376
   606.750427   3.912691
   611.759094   3.859215
   616.767761   3.798234
   621.776428   3.791019
   626.785095   3.696248
   631.793762   3.676908
   636.802429   3.693674
   641.811096   3.640869
   646.819763   3.592702
   651.828430   3.531408
   656.837097   3.426173
   661.845764   3.566016
   666.854431   3.570035
   671.863098   3.391707
   676.871826   3.369852
   681.880493   3.270037
   686.889160   2.956362
   691.897827   2.918030
   696.906494   3.046147
   701.915161   3.035173
   706.923828   3.104017
   711.932495   3.090914
   716.941162   2.735722
   721.949829   2.596401
   726.958496   2.589125
   731.967163   2.739130
   736.975830   2.931991
   741.984497   2.983733
   746.993164   3.026330
   752.001831   3.000050
   757.010498   2.702291
   762.019165   1.674957
   767.027832   2.308110
   772.036499   2.842527
   777.045227   2.877083
   782.053894   2.852017
   787.062561   2.773012
   792.071228   2.683900
   797.079895   2.662447
   802.088562   2.626348
   807.097229   2.600417
   812.105896   2.396013
   817.114563   2.101114
   822.123230   2.135458
   827.131897   2.212676
   832.140564   2.231294
   837.149231   2.358821
   842.157898   2.418095
   847.166565   2.406258
   852.175232   2.295787
   857.183899   2.298636
   862.192566   2.335767
   867.201233   2.235088
   872.209900   2.276352
   877.218628   2.254839
   882.227295   2.229023
   887.235962   2.201319
   892.244629   2.081224
   897.253296   1.725794
   902.261963   1.666051
   907.270630   1.667534
   912.279297   1.541158
   917.287964   1.560441
   922.296631   1.660297
   927.305298   1.444983
   932.313965   0.805341
   937.322632   0.690380
   942.331299   0.831362
   947.339966   0.785322
   952.348633   0.840339
   957.357300   0.913476
   962.365967   1.054851
   967.374634   1.310980
   972.383301   1.460077
   977.391968   1.432756
   982.400696   1.572918
   987.409363   1.677910
   992.418030   1.714723
   997.426697   1.716878
  1002.435364   1.680608
  1007.444031   1.655867
  1012.452698   1.660224
  1017.461365   1.651487
  1022.470032   1.630160
  1027.478638   1.614481
  1032.487427   1.593122
  1037.496094   1.573085
  1042.504761   1.562847
  1047.513428   1.540198
  1052.522095   1.520613
  1057.530762   1.487206
  1062.539429   1.462507
  1067.548096   1.434101
  1072.556763   1.406283
  1077.565430   1.391992
  1082.574097   1.348580
  1087.582764   1.318028
  1092.591431   1.265690
  1097.600098   1.174129
  1102.608765   1.072684
  1107.617432   0.968116
  1112.626099   0.740227
  1117.634766   0.428515
  1122.643433   0.310361
  1127.652100   0.306441
  1132.660767   0.359447
  1137.669434   0.449233
  1142.678101   0.466486
  1147.686768   0.380505
  1152.695435   0.474625
  1157.704102   0.629772
  1162.712769   0.790001
  1167.721436   0.880401
  1172.730103   0.929534
  1177.738770   0.930575
  1182.747437   0.897498
  1187.756104   0.907454
  1192.764771   0.964758
  1197.773438   0.929309
  1202.782104   0.902039
  1207.790771   0.930480
  1212.799438   0.937429
  1217.808228   0.978573
  1222.816895   0.982260
  1227.825562   0.992812
  1232.834229   1.012917
  1237.842896   1.010584
  1242.851562   1.003889
  1247.860229   0.991767
  1252.868896   0.969213
  1257.877563   0.926857
  1262.886230   0.848965
  1267.894897   0.790116
  1272.903564   0.849753
  1277.912231   0.889311
  1282.920898   0.885217
  1287.929565   0.898838
  1292.938232   0.880647
  1297.946899   0.840651
  1302.955566   0.771724
  1307.964233   0.709498
  1312.972900   0.643402
  1317.981567   0.603375
  1322.990234   0.566458
  1327.998901   0.470161
  1333.007568   0.357102
  1338.016235   0.375310
  1343.024902   0.274139
  1348.033569   0.093418
  1353.042236   0.022745
  1358.050903   0.013513
  1363.059570   0.015241
  1368.068237   0.015434
  1373.076904   0.016639
  1378.085571   0.017862
  1383.094238   0.018785
  1388.102905   0.017514
  1393.111572   0.017706
  1398.120239   0.019519
  1403.128906   0.019072
  1408.137573   0.019429
  1413.146240   0.028824
  1418.154907   0.031129
  1423.163696   0.044668
  1428.172363   0.061695
  1433.181030   0.061936
  1438.189697   0.062362
  1443.198364   0.073923
  1448.207031   0.105509
  1453.215698   0.144097
  1458.224365   0.206082
  1463.233032   0.182543
  1468.241699   0.121964
  1473.250366   0.140029
  1478.259033   0.161401
  1483.267700   0.201631
  1488.276367   0.242336
  1493.285034   0.339830
  1498.293701   0.410462
  1503.302368   0.410971
  1508.311035   0.467204
  1513.319702   0.497382
  1518.328369   0.507361
  1523.337036   0.542317
  1528.345703   0.544389
  1533.354370   0.556530
  1538.363037   0.557708
  1543.371704   0.559557
  1548.380371   0.562797
  1553.389038   0.554498
  1558.397705   0.550898
  1563.406372   0.542658
  1568.415039   0.520044
  1573.423706   0.486018
  1578.432373   0.484824
  1583.441040   0.504633
  1588.449707   0.500968
  1593.458374   0.506563
  1598.467041   0.491709
  1603.475708   0.473218
  1608.484375   0.469686
  1613.493042   0.481683
  1618.501709   0.487303
  1623.510498   0.491752
  1628.519165   0.495742
  1633.527832   0.483684
  1638.536499   0.463115
  1643.545166   0.457515
  1648.553833   0.454209
  1653.562500   0.455180
  1658.571167   0.459968
  1663.579834   0.443283
  1668.588501   0.436480
  1673.597168   0.437209
  1678.605835   0.428461
  1683.614502   0.425721
  1688.623169   0.420851
  1693.631836   0.415066
  1698.640503   0.404000
  1703.649170   0.400378
  1708.657837   0.381782
  1713.666504   0.378341
  1718.675171   0.379105
  1723.683838   0.346265
  1728.692505   0.354988
  1733.701172   0.328454
  1738.709839   0.322933
  1743.718506   0.315419
  1748.727173   0.309803
  1753.735840   0.310515
  1758.744507   0.300179
  1763.753174   0.272752
  1768.761841   0.256874
  1773.770508   0.229147
  1778.779175   0.189484
  1783.787842   0.165373
  1788.796509   0.158866
  1793.805176   0.095666
  1798.813843   0.076733
  1803.822510   0.034131
  1808.831177   0.026577
  1813.839844   0.014813
  1818.848511   0.010041
  1823.857178   0.010023
  1828.865967   0.008374
  1833.874634   0.007047
  1838.883301   0.008080
  1843.891968   0.007564
  1848.900635   0.007790
  1853.909302   0.007499
  1858.917969   0.007733
  1863.926636   0.007456
  1868.935303   0.007402
  1873.943970   0.007211
  1878.952637   0.006781
  1883.961304   0.006991
  1888.969971   0.007283
  1893.978638   0.006761
  1898.987305   0.006414
  1903.995972   0.006993
  1909.004639   0.006491
  1914.013306   0.006224
  1919.021973   0.007044
  1924.030640   0.006713
  1929.039307   0.006693
  1934.047974   0.008523
  1939.056641   0.010629
  1944.065308   0.018057
  1949.073975   0.021290
  1954.082642   0.021386
  1959.091309   0.025981
  1964.099976   0.048790
  1969.108643   0.087728
  1974.117310   0.107074
  1979.125977   0.131762
  1984.134644   0.154293
  1989.143311   0.149205
  1994.151978   0.142808
  1999.160645   0.069668
  2004.169312   0.031210
  2009.177979   0.053399
  2014.186768   0.047176
  2019.195435   0.066995
  2024.204102   0.119951
  2029.212769   0.155774
  2034.221436   0.181233
  2039.230103   0.180444
  2044.238770   0.175101
  2049.247314   0.143385
  2054.256104   0.110391
  2059.264648   0.127167
  2064.273438   0.123379
  2069.281982   0.125644
  2074.290771   0.145818
  2079.299316   0.168943
  2084.308105   0.171463
  2089.316650   0.176294
  2094.325439   0.178868
  2099.333984   0.176050
  2104.342773   0.180480
  2109.351318   0.180638
  2114.360107   0.178611
  2119.368896   0.173180
  2124.377441   0.175649
  2129.386230   0.178887
  2134.394775   0.178328
  2139.403564   0.177629
  2144.412109   0.176320
  2149.420898   0.168074
  2154.429443   0.163224
  2159.438232   0.162320
  2164.446777   0.153547
  2169.455566   0.157119
  2174.464111   0.157391
  2179.472900   0.156684
  2184.481445   0.147813
  2189.490234   0.152275
  2194.498779   0.149143
  2199.507568   0.140919
  2204.516113   0.142734
  2209.524902   0.149071
  2214.533447   0.148303
  2219.542236   0.149042
  2224.550781   0.147154
  2229.559570   0.145815
  2234.568115   0.142639
  2239.576904   0.140751
  2244.585449   0.137891
  2249.594238   0.135527
  2254.602783   0.132851
  2259.611572   0.130474
  2264.620117   0.126909
  2269.628906   0.125074
  2274.637451   0.124405
  2279.646240   0.124744
  2284.654785   0.122416
  2289.663574   0.118077
  2294.672119   0.110459
  2299.680908   0.112074
  2304.689453   0.114630
  2309.698242   0.118981
  2314.706787   0.110080
  2319.715576   0.097269
  2324.724365   0.104867
  2329.732910   0.109166
  2334.741699   0.105237
  2339.750244   0.092356
  2344.759033   0.092013
  2349.767578   0.080585
  2354.776367   0.082613
  2359.784912   0.093199
  2364.793701   0.090336
  2369.802246   0.070246
  2374.811035   0.074820
  2379.819580   0.068949
  2384.828369   0.060728
  2389.836914   0.068660
  2394.845703   0.072866
  2399.854248   0.075617
  2404.863037   0.063172
  2409.871582   0.057016
  2414.880371   0.044301
  2419.888916   0.047099
  2424.897705   0.060995
  2429.906250   0.068758
  2434.915039   0.042324
  2439.923584   0.063362
  2444.932373   0.041111
  2449.940918   0.025285
  2454.949707   0.042017
  2459.958252   0.053432
  2464.967041   0.040094
  2469.975586   0.032056
  2474.984375   0.026244
  2479.992920   0.018718
  2485.001709   0.011056
  2490.010254   0.008473
  2495.019043   0.010398
  2500.027588   0.015729
  2505.036377   0.000000
