   346.299591   0.000000
   351.308258   0.000000
   356.316925   0.000000
   361.325592   0.000000
   366.334259   0.000000
   371.342926   0.000000
   376.351593   1.350618
   381.360260   1.737458
   386.368927   2.001042
   391.377594   2.421859
   396.386292   2.755248
   401.394958   3.983354
   406.403625   4.372686
   411.412292   4.737006
   416.420959   5.031981
   421.429626   5.149876
   426.438293   5.096870
   431.446960   5.014074
   436.455627   5.699701
   441.464294   6.124728
   446.472992   6.637778
   451.481659   7.064298
   456.490326   7.184498
   461.498993   7.387834
   466.507660   7.375419
   471.516327   7.450924
   476.524994   7.633393
   481.533661   7.746369
   486.542328   7.379654
   491.550995   7.636627
   496.559692   7.839167
   501.568359   7.705695
   506.577026   7.867099
   511.585693   7.924706
   516.594360   7.577039
   521.603027   7.827139
   526.611694   8.017868
   531.620361   8.269856
   536.629028   8.325767
   541.637695   8.277894
   546.646362   8.403420
   551.655029   8.502427
   556.663696   8.438085
   561.672363   8.388903
   566.681030   8.389915
   571.689758   8.400002
   576.698425   8.412488
   581.707092   8.531903
   586.715759   8.393045
   591.724426   8.134887
   596.733093   8.316376
   601.741760   8.341333
   606.750427   8.406754
   611.759094   8.263933
   616.767761   8.182659
   621.776428   8.213268
   626.785095   8.018368
   631.793762   7.966479
   636.802429   8.089992
   641.811096   8.019991
   646.819763   7.894134
   651.828430   7.792055
   656.837097   7.529660
   661.845764   7.914415
   666.854431   7.944235
   671.863098   7.602486
   676.871826   7.698908
   681.880493   7.541733
   686.889160   6.750780
   691.897827   6.700841
   696.906494   6.978632
   701.915161   6.959788
   706.923828   7.115940
   711.932495   7.115234
   716.941162   6.255148
   721.949829   5.898716
   726.958496   5.877400
   731.967163   6.258594
   736.975830   6.733517
   741.984497   6.885485
   746.993164   6.990910
   752.001831   6.944405
   757.010498   6.261592
   762.019165   3.725677
   767.027832   5.351456
   772.036499   6.626808
   777.045227   6.722382
   782.053894   6.685820
   787.062561   6.531186
   792.071228   6.321949
   797.079895   6.296950
   802.088562   6.233018
   807.097229   6.188695
   812.105896   5.675545
   817.114563   4.933099
   822.123230   5.053119
   827.131897   5.260259
   832.140564   5.326865
   837.149231   5.645181
   842.157898   5.831889
   847.166565   5.793527
   852.175232   5.536658
   857.183899   5.591770
   862.192566   5.686560
   867.201233   5.435264
   872.209900   5.569517
   877.218628   5.515726
   882.227295   5.462982
   887.235962   5.390104
   892.244629   5.091423
   897.253296   4.151312
   902.261963   4.022939
   907.270630   4.042116
   912.279297   3.722947
   917.287964   3.783909
   922.296631   4.086012
   927.305298   3.487143
   932.313965   1.841430
   937.322632   1.520382
   942.331299   1.894675
   947.339966   1.771006
   952.348633   1.928935
   957.357300   2.126060
   962.365967   2.507760
   967.374634   3.219093
   972.383301   3.618792
   977.391968   3.554500
   982.400696   3.929580
   987.409363   4.249935
   992.418030   4.338547
   997.426697   4.351901
  1002.435364   4.265243
  1007.444031   4.204552
  1012.452698   4.227696
  1017.461365   4.204629
  1022.470032   4.151529
  1027.478638   4.117938
  1032.487427   4.066794
  1037.496094   4.030185
  1042.504761   3.988733
  1047.513428   3.940288
  1052.522095   3.894146
  1057.530762   3.805013
  1062.539429   3.745327
  1067.548096   3.652587
  1072.556763   3.616697
  1077.565430   3.580099
  1082.574097   3.475993
  1087.582764   3.379160
  1092.591431   3.245353
  1097.600098   2.998276
  1102.608765   2.734084
  1107.617432   2.444999
  1112.626099   1.837864
  1117.634766   0.974337
  1122.643433   0.656181
  1127.652100   0.647989
  1132.660767   0.805110
  1137.669434   1.066732
  1142.678101   1.104592
  1147.686768   0.881103
  1152.695435   1.131559
  1157.704102   1.573996
  1162.712769   2.021599
  1167.721436   2.295169
  1172.730103   2.425062
  1177.738770   2.433596
  1182.747437   2.358324
  1187.756104   2.393197
  1192.764771   2.545790
  1197.773438   2.452277
  1202.782104   2.387347
  1207.790771   2.467285
  1212.799438   2.492564
  1217.808228   2.602754
  1222.816895   2.623016
  1227.825562   2.659034
  1232.834229   2.719541
  1237.842896   2.725863
  1242.851562   2.693152
  1247.860229   2.667622
  1252.868896   2.603036
  1257.877563   2.496221
  1262.886230   2.283790
  1267.894897   2.122920
  1272.903564   2.308137
  1277.912231   2.415968
  1282.920898   2.395752
  1287.929565   2.449717
  1292.938232   2.398745
  1297.946899   2.284965
  1302.955566   2.105791
  1307.964233   1.975195
  1312.972900   1.795410
  1317.981567   1.688331
  1322.990234   1.585817
  1327.998901   1.308675
  1333.007568   0.994545
  1338.016235   1.049402
  1343.024902   0.749353
  1348.033569   0.233411
  1353.042236   0.026373
  1358.050903   0.004118
  1363.059570   0.006867
  1368.068237   0.009287
  1373.076904   0.013147
  1378.085571   0.016077
  1383.094238   0.016176
  1388.102905   0.018040
  1393.111572   0.018978
  1398.120239   0.021943
  1403.128906   0.023388
  1408.137573   0.023059
  1413.146240   0.046946
  1418.154907   0.055315
  1423.163696   0.093757
  1428.172363   0.146345
  1433.181030   0.147865
  1438.189697   0.145900
  1443.198364   0.180656
  1448.207031   0.275154
  1453.215698   0.391762
  1458.224365   0.581178
  1463.233032   0.511815
  1468.241699   0.324115
  1473.250366   0.381827
  1478.259033   0.447311
  1483.267700   0.567221
  1488.276367   0.694854
  1493.285034   0.995284
  1498.293701   1.208982
  1503.302368   1.213948
  1508.311035   1.387065
  1513.319702   1.482968
  1518.328369   1.520054
  1523.337036   1.615812
  1528.345703   1.629734
  1533.354370   1.666949
  1538.363037   1.673699
  1543.371704   1.684930
  1548.380371   1.690308
  1553.389038   1.669401
  1558.397705   1.659959
  1563.406372   1.636262
  1568.415039   1.562932
  1573.423706   1.456844
  1578.432373   1.458731
  1583.441040   1.527659
  1588.449707   1.518318
  1593.458374   1.538937
  1598.467041   1.481990
  1603.475708   1.433471
  1608.484375   1.424835
  1613.493042   1.459599
  1618.501709   1.486486
  1623.510498   1.497422
  1628.519165   1.513075
  1633.527832   1.479179
  1638.536499   1.412252
  1643.545166   1.398208
  1648.553833   1.398338
  1653.562500   1.389369
  1658.571167   1.416283
  1663.579834   1.366470
  1668.588501   1.342446
  1673.597168   1.354726
  1678.605835   1.323992
  1683.614502   1.311931
  1688.623169   1.298669
  1693.631836   1.276995
  1698.640503   1.250850
  1703.649170   1.245011
  1708.657837   1.183251
  1713.666504   1.183996
  1718.675171   1.189180
  1723.683838   1.082614
  1728.692505   1.110870
  1733.701172   1.024340
  1738.709839   1.013180
  1743.718506   0.988135
  1748.727173   0.975997
  1753.735840   0.975070
  1758.744507   0.937013
  1763.753174   0.852242
  1768.761841   0.810312
  1773.770508   0.712336
  1778.779175   0.591498
  1783.787842   0.509958
  1788.796509   0.492826
  1793.805176   0.283835
  1798.813843   0.227411
  1803.822510   0.086604
  1808.831177   0.062669
  1813.839844   0.027433
  1818.848511   0.012392
  1823.857178   0.013151
  1828.865967   0.006873
  1833.874634   0.006729
  1838.883301   0.007442
  1843.891968   0.007948
  1848.900635   0.008205
  1853.909302   0.008047
  1858.917969   0.007901
  1863.926636   0.008007
  1868.935303   0.008321
  1873.943970   0.007977
  1878.952637   0.007731
  1883.961304   0.007452
  1888.969971   0.008331
  1893.978638   0.008022
  1898.987305   0.007324
  1903.995972   0.006533
  1909.004639   0.006332
  1914.013306   0.006562
  1919.021973   0.007279
  1924.030640   0.009302
  1929.039307   0.007514
  1934.047974   0.014245
  1939.056641   0.020922
  1944.065308   0.045901
  1949.073975   0.054171
  1954.082642   0.054662
  1959.091309   0.068926
  1964.099976   0.145423
  1969.108643   0.275520
  1974.117310   0.334998
  1979.125977   0.417837
  1984.134644   0.497373
  1989.143311   0.476632
  1994.151978   0.459090
  1999.160645   0.215770
  2004.169312   0.087321
  2009.177979   0.161261
  2014.186768   0.140374
  2019.195435   0.207655
  2024.204102   0.382250
  2029.212769   0.504917
  2034.221436   0.595564
  2039.230103   0.588239
  2044.238770   0.567138
  2049.247314   0.467897
  2054.256104   0.352423
  2059.264648   0.410732
  2064.273438   0.399180
  2069.281982   0.406375
  2074.290771   0.472498
  2079.299316   0.552190
  2084.308105   0.562128
  2089.316650   0.574611
  2094.325439   0.584039
  2099.333984   0.577133
  2104.342773   0.586573
  2109.351318   0.585683
  2114.360107   0.582732
  2119.368896   0.565896
  2124.377441   0.567933
  2129.386230   0.579801
  2134.394775   0.585595
  2139.403564   0.577607
  2144.412109   0.569969
  2149.420898   0.544644
  2154.429443   0.530988
  2159.438232   0.525087
  2164.446777   0.490937
  2169.455566   0.507213
  2174.464111   0.506086
  2179.472900   0.496986
  2184.481445   0.466760
  2189.490234   0.483786
  2194.498779   0.474558
  2199.507568   0.435884
  2204.516113   0.444650
  2209.524902   0.472581
  2214.533447   0.467962
  2219.542236   0.470135
  2224.550781   0.468257
  2229.559570   0.467472
  2234.568115   0.454078
  2239.576904   0.444738
  2244.585449   0.435448
  2249.594238   0.428650
  2254.602783   0.413728
  2259.611572   0.403137
  2264.620117   0.396124
  2269.628906   0.394074
  2274.637451   0.387446
  2279.646240   0.385127
  2284.654785   0.377196
  2289.663574   0.366290
  2294.672119   0.339270
  2299.680908   0.340261
  2304.689453   0.346652
  2309.698242   0.364366
  2314.706787   0.334901
  2319.715576   0.291277
  2324.724365   0.312335
  2329.732910   0.328473
  2334.741699   0.315951
  2339.750244   0.270229
  2344.759033   0.268057
  2349.767578   0.234352
  2354.776367   0.244417
  2359.784912   0.274669
  2364.793701   0.266774
  2369.802246   0.204312
  2374.811035   0.218960
  2379.819580   0.201585
  2384.828369   0.174736
  2389.836914   0.198387
  2394.845703   0.214265
  2399.854248   0.220885
  2404.863037   0.180039
  2409.871582   0.163149
  2414.880371   0.123618
  2419.888916   0.133005
  2424.897705   0.176121
  2429.906250   0.198829
  2434.915039   0.116480
  2439.923584   0.178967
  2444.932373   0.112349
  2449.940918   0.064496
  2454.949707   0.113680
  2459.958252   0.148802
  2464.967041   0.107905
  2469.975586   0.081640
  2474.984375   0.065873
  2479.992920   0.039407
  2485.001709   0.019859
  2490.010254   0.013275
  2495.019043   0.017385
  2500.027588   0.032444
  2505.036377   0.000000
