   346.299591   0.000000
   351.308258   0.000000
   356.316925   0.000000
   361.325592   0.000000
   366.334259   0.000000
   371.342926   0.000000
   376.351593   1.189333
   381.360260   1.537416
   386.368927   1.769335
   391.377594   2.136040
   396.386292   2.405091
   401.394958   3.495159
   406.403625   3.836386
   411.412292   4.147766
   416.420959   4.411794
   421.429626   4.502102
   426.438293   4.501279
   431.446960   4.469373
   436.455627   5.108549
   441.464294   5.512879
   446.472992   5.988129
   451.481659   6.427262
   456.490326   6.579532
   461.498993   6.773024
   466.507660   6.759497
   471.516327   6.863220
   476.524994   7.082311
   481.533661   7.223342
   486.542328   6.896921
   491.550995   7.194739
   496.559692   7.440777
   501.568359   7.360933
   506.577026   7.603414
   511.585693   7.711446
   516.594360   7.446105
   521.603027   7.743450
   526.611694   8.050663
   531.620361   8.379999
   536.629028   8.523124
   541.637695   8.569688
   546.646362   8.828376
   551.655029   9.011334
   556.663696   9.114492
   561.672363   9.189550
   566.681030   9.371358
   571.689758   9.495511
   576.698425   9.739734
   581.707092  10.065692
   586.715759  10.026634
   591.724426   9.898906
   596.733093  10.221089
   601.741760  10.427116
   606.750427  10.618078
   611.759094  10.541252
   616.767761  10.490718
   621.776428  10.619715
   626.785095  10.430237
   631.793762  10.466892
   636.802429  10.669078
   641.811096  10.617110
   646.819763  10.502093
   651.828430  10.436821
   656.837097  10.109141
   661.845764  10.655637
   666.854431  10.790152
   671.863098  10.417908
   676.871826  10.739953
   681.880493  10.615014
   686.889160   9.483490
   691.897827   9.415319
   696.906494   9.847014
   701.915161   9.931241
   706.923828  10.177264
   711.932495  10.218318
   716.941162   8.964467
   721.949829   8.456459
   726.958496   8.490280
   731.967163   9.107619
   736.975830   9.841119
   741.984497  10.070880
   746.993164  10.267879
   752.001831  10.233550
   757.010498   9.252250
   762.019165   5.399116
   767.027832   7.844037
   772.036499   9.808510
   777.045227   9.950391
   782.053894   9.927856
   787.062561   9.726078
   792.071228   9.391738
   797.079895   9.344789
   802.088562   9.215711
   807.097229   9.149625
   812.105896   8.380652
   817.114563   7.224987
   822.123230   7.390195
   827.131897   7.704929
   832.140564   7.820093
   837.149231   8.327238
   842.157898   8.563995
   847.166565   8.527353
   852.175232   8.137126
   857.183899   8.197022
   862.192566   8.327810
   867.201233   7.998647
   872.209900   8.154888
   877.218628   8.067567
   882.227295   7.993320
   887.235962   7.889821
   892.244629   7.472600
   897.253296   6.075583
   902.261963   5.867209
   907.270630   5.887075
   912.279297   5.419813
   917.287964   5.516892
   922.296631   5.974309
   927.305298   5.103316
   932.313965   2.602812
   937.322632   2.119857
   942.331299   2.710339
   947.339966   2.532766
   952.348633   2.768322
   957.357300   3.068760
   962.365967   3.661083
   967.374634   4.743946
   972.383301   5.371559
   977.391968   5.301624
   982.400696   5.900550
   987.409363   6.393669
   992.418030   6.539501
   997.426697   6.599343
  1002.435364   6.466656
  1007.444031   6.382521
  1012.452698   6.456692
  1017.461365   6.425743
  1022.470032   6.356605
  1027.478638   6.300935
  1032.487427   6.268198
  1037.496094   6.193210
  1042.504761   6.135700
  1047.513428   6.101077
  1052.522095   6.039938
  1057.530762   5.929495
  1062.539429   5.837697
  1067.548096   5.717993
  1072.556763   5.676011
  1077.565430   5.627543
  1082.574097   5.463403
  1087.582764   5.330439
  1092.591431   5.110669
  1097.600098   4.731569
  1102.608765   4.321697
  1107.617432   3.865458
  1112.626099   2.907103
  1117.634766   1.486817
  1122.643433   0.973507
  1127.652100   0.969066
  1132.660767   1.232900
  1137.669434   1.633592
  1142.678101   1.711994
  1147.686768   1.344438
  1152.695435   1.765682
  1157.704102   2.519179
  1162.712769   3.270974
  1167.721436   3.720896
  1172.730103   3.954322
  1177.738770   3.994469
  1182.747437   3.840487
  1187.756104   3.925850
  1192.764771   4.199097
  1197.773438   4.046114
  1202.782104   3.941335
  1207.790771   4.072766
  1212.799438   4.126052
  1217.808228   4.306207
  1222.816895   4.357471
  1227.825562   4.409219
  1232.834229   4.520465
  1237.842896   4.540376
  1242.851562   4.488515
  1247.860229   4.457204
  1252.868896   4.373710
  1257.877563   4.167594
  1262.886230   3.823476
  1267.894897   3.561050
  1272.903564   3.858669
  1277.912231   4.051328
  1282.920898   4.028376
  1287.929565   4.125068
  1292.938232   4.033745
  1297.946899   3.851045
  1302.955566   3.555321
  1307.964233   3.355943
  1312.972900   3.061648
  1317.981567   2.883957
  1322.990234   2.701619
  1327.998901   2.254304
  1333.007568   1.683101
  1338.016235   1.766120
  1343.024902   1.265954
  1348.033569   0.380713
  1353.042236   0.027663
  1358.050903  -0.012799
  1363.059570  -0.007600
  1368.068237  -0.002391
  1373.076904   0.003345
  1378.085571   0.009800
  1383.094238   0.009954
  1388.102905   0.013727
  1393.111572   0.015441
  1398.120239   0.019477
  1403.128906   0.022754
  1408.137573   0.022972
  1413.146240   0.060217
  1418.154907   0.072696
  1423.163696   0.139177
  1428.172363   0.224677
  1433.181030   0.228601
  1438.189697   0.224317
  1443.198364   0.280474
  1448.207031   0.446987
  1453.215698   0.642420
  1458.224365   0.961723
  1463.233032   0.853776
  1468.241699   0.528577
  1473.250366   0.633410
  1478.259033   0.744734
  1483.267700   0.945162
  1488.276367   1.174406
  1493.285034   1.684795
  1498.293701   2.053088
  1503.302368   2.075359
  1508.311035   2.361904
  1513.319702   2.540297
  1518.328369   2.603781
  1523.337036   2.774963
  1528.345703   2.790218
  1533.354370   2.863368
  1538.363037   2.871912
  1543.371704   2.882926
  1548.380371   2.909032
  1553.389038   2.873360
  1558.397705   2.858217
  1563.406372   2.811494
  1568.415039   2.687124
  1573.423706   2.515813
  1578.432373   2.508730
  1583.441040   2.635530
  1588.449707   2.608811
  1593.458374   2.652349
  1598.467041   2.568704
  1603.475708   2.466615
  1608.484375   2.460855
  1613.493042   2.522266
  1618.501709   2.558307
  1623.510498   2.595919
  1628.519165   2.605940
  1633.527832   2.549166
  1638.536499   2.437842
  1643.545166   2.410796
  1648.553833   2.418708
  1653.562500   2.402493
  1658.571167   2.437669
  1663.579834   2.371804
  1668.588501   2.332641
  1673.597168   2.336069
  1678.605835   2.300648
  1683.614502   2.277646
  1688.623169   2.250135
  1693.631836   2.229553
  1698.640503   2.171749
  1703.649170   2.159732
  1708.657837   2.062364
  1713.666504   2.059029
  1718.675171   2.063746
  1723.683838   1.880243
  1728.692505   1.927041
  1733.701172   1.783466
  1738.709839   1.752844
  1743.718506   1.711516
  1748.727173   1.689592
  1753.735840   1.691753
  1758.744507   1.627223
  1763.753174   1.480143
  1768.761841   1.399798
  1773.770508   1.227663
  1778.779175   1.019303
  1783.787842   0.881197
  1788.796509   0.842794
  1793.805176   0.484492
  1798.813843   0.380694
  1803.822510   0.141431
  1808.831177   0.099196
  1813.839844   0.039179
  1818.848511   0.013481
  1823.857178   0.014492
  1828.865967   0.004431
  1833.874634   0.003996
  1838.883301   0.005256
  1843.891968   0.006306
  1848.900635   0.006558
  1853.909302   0.006943
  1858.917969   0.007523
  1863.926636   0.007538
  1868.935303   0.007739
  1873.943970   0.007912
  1878.952637   0.007313
  1883.961304   0.007715
  1888.969971   0.008791
  1893.978638   0.007965
  1898.987305   0.007044
  1903.995972   0.006108
  1909.004639   0.005515
  1914.013306   0.005595
  1919.021973   0.007014
  1924.030640   0.010207
  1929.039307   0.007480
  1934.047974   0.017999
  1939.056641   0.029264
  1944.065308   0.068300
  1949.073975   0.085000
  1954.082642   0.085199
  1959.091309   0.110793
  1964.099976   0.234658
  1969.108643   0.452420
  1974.117310   0.559944
  1979.125977   0.701266
  1984.134644   0.828440
  1989.143311   0.798753
  1994.151978   0.773170
  1999.160645   0.361926
  2004.169312   0.145828
  2009.177979   0.271108
  2014.186768   0.236202
  2019.195435   0.348565
  2024.204102   0.648816
  2029.212769   0.856204
  2034.221436   1.014208
  2039.230103   0.998388
  2044.238770   0.968729
  2049.247314   0.795973
  2054.256104   0.602776
  2059.264648   0.699394
  2064.273438   0.682685
  2069.281982   0.690508
  2074.290771   0.807025
  2079.299316   0.940665
  2084.308105   0.959309
  2089.316650   0.980852
  2094.325439   0.996384
  2099.333984   0.986512
  2104.342773   1.005576
  2109.351318   0.997450
  2114.360107   0.991086
  2119.368896   0.969535
  2124.377441   0.978433
  2129.386230   0.986937
  2134.394775   1.001083
  2139.403564   0.994223
  2144.412109   0.976190
  2149.420898   0.925274
  2154.429443   0.906710
  2159.438232   0.895628
  2164.446777   0.830796
  2169.455566   0.850706
  2174.464111   0.857097
  2179.472900   0.840718
  2184.481445   0.774307
  2189.490234   0.799633
  2194.498779   0.789902
  2199.507568   0.727211
  2204.516113   0.732318
  2209.524902   0.772512
  2214.533447   0.780996
  2219.542236   0.787377
  2224.550781   0.777438
  2229.559570   0.780173
  2234.568115   0.767351
  2239.576904   0.757904
  2244.585449   0.732583
  2249.594238   0.724152
  2254.602783   0.710954
  2259.611572   0.697307
  2264.620117   0.677311
  2269.628906   0.670465
  2274.637451   0.671046
  2279.646240   0.666036
  2284.654785   0.647101
  2289.663574   0.625327
  2294.672119   0.580231
  2299.680908   0.585995
  2304.689453   0.596523
  2309.698242   0.620169
  2314.706787   0.571164
  2319.715576   0.499284
  2324.724365   0.533575
  2329.732910   0.555160
  2334.741699   0.534467
  2339.750244   0.460563
  2344.759033   0.455550
  2349.767578   0.396040
  2354.776367   0.411277
  2359.784912   0.464062
  2364.793701   0.450597
  2369.802246   0.346578
  2374.811035   0.369548
  2379.819580   0.337758
  2384.828369   0.293419
  2389.836914   0.333213
  2394.845703   0.359123
  2399.854248   0.369588
  2404.863037   0.300569
  2409.871582   0.270659
  2414.880371   0.202735
  2419.888916   0.216829
  2424.897705   0.288537
  2429.906250   0.327286
  2434.915039   0.188832
  2439.923584   0.292464
  2444.932373   0.184392
  2449.940918   0.102207
  2454.949707   0.185114
  2459.958252   0.244436
  2464.967041   0.173247
  2469.975586   0.130363
  2474.984375   0.102232
  2479.992920   0.060763
  2485.001709   0.027107
  2490.010254   0.017853
  2495.019043   0.022809
  2500.027588   0.047132
  2505.036377   0.000000
