   346.299591      0.000000
   351.308258      0.000000
   356.316925      0.000000
   361.325592      0.000000
   366.334259      0.000000
   371.342926      0.000000
   376.351593      1.336109
   381.360260      1.720093
   386.368927      2.087730
   391.377594      2.701976
   396.386292      3.441041
   401.394958      5.612240
   406.403625      6.837127
   411.412292      8.035172
   416.420959      8.934865
   421.429626      9.352767
   426.438293      9.400634
   431.446960      9.364472
   436.455627     10.791156
   441.464294     11.741513
   446.472992     12.801161
   451.481659     13.723675
   456.490326     14.076940
   461.498993     14.544757
   466.507660     14.585453
   471.516327     14.874527
   476.524994     15.369736
   481.533661     15.710778
   486.542328     14.946057
   491.550995     15.590432
   496.559692     16.049356
   501.568359     15.852472
   506.577026     16.246608
   511.585693     16.395167
   516.594360     15.722440
   521.603027     16.302793
   526.611694     16.740400
   531.620361     17.278774
   536.629028     17.434698
   541.637695     17.321939
   546.646362     17.597372
   551.655029     17.769650
   556.663696     17.689430
   561.672363     17.617843
   566.681030     17.644691
   571.689758     17.590263
   576.698425     17.742199
   581.707092     17.974622
   586.715759     17.672786
   591.724426     17.170300
   596.733093     17.554273
   601.741760     17.691924
   606.750427     17.846094
   611.759094     17.537839
   616.767761     17.337242
   621.776428     17.442928
   626.785095     17.051979
   631.793762     17.007917
   636.802429     17.236840
   641.811096     17.070496
   646.819763     16.836597
   651.828430     16.626583
   656.837097     16.032920
   661.845764     16.884964
   666.854431     17.014766
   671.863098     16.317091
   676.871826     16.840102
   681.880493     16.473372
   686.889160     14.748235
   691.897827     14.585958
   696.906494     15.217987
   701.915161     15.192761
   706.923828     15.515978
   711.932495     15.475343
   716.941162     13.549444
   721.949829     12.684933
   726.958496     12.667332
   731.967163     13.488455
   736.975830     14.492157
   741.984497     14.779151
   746.993164     15.003537
   752.001831     14.854877
   757.010498     13.391652
   762.019165      7.753579
   767.027832     11.239795
   772.036499     14.116215
   777.045227     14.335717
   782.053894     14.241098
   787.062561     13.918907
   792.071228     13.430097
   797.079895     13.353221
   802.088562     13.181540
   807.097229     13.079197
   812.105896     12.009349
   817.114563     10.373480
   822.123230     10.588885
   827.131897     11.051875
   832.140564     11.198192
   837.149231     11.930025
   842.157898     12.251559
   847.166565     12.249452
   852.175232     11.652499
   857.183899     11.757132
   862.192566     11.961580
   867.201233     11.484379
   872.209900     11.722046
   877.218628     11.602347
   882.227295     11.477701
   887.235962     11.328519
   892.244629     10.725470
   897.253296      8.737910
   902.261963      8.420679
   907.270630      8.460795
   912.279297      7.776255
   917.287964      7.876423
   922.296631      8.532013
   927.305298      7.276081
   932.313965      3.689857
   937.322632      3.033806
   942.331299      3.854292
   947.339966      3.611640
   952.348633      3.922587
   957.357300      4.357438
   962.365967      5.192076
   967.374634      6.701278
   972.383301      7.562765
   977.391968      7.430232
   982.400696      8.239299
   987.409363      8.860087
   992.418030      9.076699
   997.426697      9.088497
  1002.435364      8.895197
  1007.444031      8.780973
  1012.452698      8.830932
  1017.461365      8.777436
  1022.470032      8.664424
  1027.478638      8.599868
  1032.487427      8.504279
  1037.496094      8.399846
  1042.504761      8.317219
  1047.513428      8.211474
  1052.522095      8.114003
  1057.530762      7.929364
  1062.539429      7.805632
  1067.548096      7.632280
  1072.556763      7.543557
  1077.565430      7.470691
  1082.574097      7.259002
  1087.582764      7.072352
  1092.591431      6.775548
  1097.600098      6.256295
  1102.608765      5.688672
  1107.617432      5.118171
  1112.626099      3.817367
  1117.634766      1.957637
  1122.643433      1.282496
  1127.652100      1.272976
  1132.660767      1.607658
  1137.669434      2.145848
  1142.678101      2.246238
  1147.686768      1.757017
  1152.695435      2.307840
  1157.704102      3.255571
  1162.712769      4.222852
  1167.721436      4.777084
  1172.730103      5.041862
  1177.738770      5.061120
  1182.747437      4.883308
  1187.756104      4.953755
  1192.764771      5.287993
  1197.773438      5.092935
  1202.782104      4.950283
  1207.790771      5.102253
  1212.799438      5.172581
  1217.808228      5.397012
  1222.816895      5.458722
  1227.825562      5.519555
  1232.834229      5.646538
  1237.842896      5.675669
  1242.851562      5.598118
  1247.860229      5.542348
  1252.868896      5.412383
  1257.877563      5.161095
  1262.886230      4.713242
  1267.894897      4.373432
  1272.903564      4.741759
  1277.912231      4.971059
  1282.920898      4.938280
  1287.929565      5.042558
  1292.938232      4.937037
  1297.946899      4.704926
  1302.955566      4.339222
  1307.964233      4.092827
  1312.972900      3.731798
  1317.981567      3.523454
  1322.990234      3.294814
  1327.998901      2.736604
  1333.007568      2.059742
  1338.016235      2.171468
  1343.024902      1.574018
  1348.033569      0.464283
  1353.042236      0.029424
  1358.050903     -0.018272
  1363.059570     -0.014279
  1368.068237     -0.006034
  1373.076904      0.001341
  1378.085571      0.007926
  1383.094238      0.008792
  1388.102905      0.014302
  1393.111572      0.015905
  1398.120239      0.020925
  1403.128906      0.025372
  1408.137573      0.024718
  1413.146240      0.071391
  1418.154907      0.085319
  1423.163696      0.163028
  1428.172363      0.263709
  1433.181030      0.264168
  1438.189697      0.256775
  1443.198364      0.320629
  1448.207031      0.491179
  1453.215698      0.720376
  1458.224365      1.067641
  1463.233032      0.949805
  1468.241699      0.609034
  1473.250366      0.730635
  1478.259033      0.862878
  1483.267700      1.101852
  1488.276367      1.357084
  1493.285034      1.944305
  1498.293701      2.356892
  1503.302368      2.354331
  1508.311035      2.659977
  1513.319702      2.832314
  1518.328369      2.889117
  1523.337036      3.076483
  1528.345703      3.102846
  1533.354370      3.166948
  1538.363037      3.164446
  1543.371704      3.164677
  1548.380371      3.173880
  1553.389038      3.144833
  1558.397705      3.140105
  1563.406372      3.107341
  1568.415039      2.976204
  1573.423706      2.791852
  1578.432373      2.785453
  1583.441040      2.916420
  1588.449707      2.897926
  1593.458374      2.937246
  1598.467041      2.853791
  1603.475708      2.736887
  1608.484375      2.727144
  1613.493042      2.791385
  1618.501709      2.827394
  1623.510498      2.861137
  1628.519165      2.870037
  1633.527832      2.796710
  1638.536499      2.677691
  1643.545166      2.639912
  1648.553833      2.639769
  1653.562500      2.624151
  1658.571167      2.633174
  1663.579834      2.525215
  1668.588501      2.450147
  1673.597168      2.434719
  1678.605835      2.376050
  1683.614502      2.338094
  1688.623169      2.300652
  1693.631836      2.270816
  1698.640503      2.202779
  1703.649170      2.197243
  1708.657837      2.096662
  1713.666504      2.086625
  1718.675171      2.101389
  1723.683838      1.908419
  1728.692505      1.963607
  1733.701172      1.818259
  1738.709839      1.785908
  1743.718506      1.754300
  1748.727173      1.710165
  1753.735840      1.710054
  1758.744507      1.671230
  1763.753174      1.511949
  1768.761841      1.437427
  1773.770508      1.277279
  1778.779175      1.052847
  1783.787842      0.912882
  1788.796509      0.884488
  1793.805176      0.502984
  1798.813843      0.398436
  1803.822510      0.148213
  1808.831177      0.104572
  1813.839844      0.041260
  1818.848511      0.014942
  1823.857178      0.015859
  1828.865967      0.004279
  1833.874634      0.003410
  1838.883301      0.004729
  1843.891968      0.005888
  1848.900635      0.006632
  1853.909302      0.007146
  1858.917969      0.007448
  1863.926636      0.007743
  1868.935303      0.007338
  1873.943970      0.007673
  1878.952637      0.007479
  1883.961304      0.007646
  1888.969971      0.008637
  1893.978638      0.008319
  1898.987305      0.007265
  1903.995972      0.006018
  1909.004639      0.005315
  1914.013306      0.005483
  1919.021973      0.007266
  1924.030640      0.011023
  1929.039307      0.008218
  1934.047974      0.019434
  1939.056641      0.030678
  1944.065308      0.072144
  1949.073975      0.088360
  1954.082642      0.087036
  1959.091309      0.112393
  1964.099976      0.236898
  1969.108643      0.457306
  1974.117310      0.563827
  1979.125977      0.697119
  1984.134644      0.823963
  1989.143311      0.796159
  1994.151978      0.763369
  1999.160645      0.350545
  2004.169312      0.140861
  2009.177979      0.263365
  2014.186768      0.225451
  2019.195435      0.337838
  2024.204102      0.629861
  2029.212769      0.819825
  2034.221436      0.965047
  2039.230103      0.956663
  2044.238770      0.918081
  2049.247314      0.747471
  2054.256104      0.568589
  2059.264648      0.661424
  2064.273438      0.633837
  2069.281982      0.645421
  2074.290771      0.754780
  2079.299316      0.873569
  2084.308105      0.887486
  2089.316650      0.912697
  2094.325439      0.920301
  2099.333984      0.901172
  2104.342773      0.925785
  2109.351318      0.922006
  2114.360107      0.900572
  2119.368896      0.872645
  2124.377441      0.882610
  2129.386230      0.881628
  2134.394775      0.873364
  2139.403564      0.856141
  2144.412109      0.839274
  2149.420898      0.794650
  2154.429443      0.774241
  2159.438232      0.764710
  2164.446777      0.704680
  2169.455566      0.716353
  2174.464111      0.722717
  2179.472900      0.714128
  2184.481445      0.662685
  2189.490234      0.684606
  2194.498779      0.677088
  2199.507568      0.622433
  2204.516113      0.617636
  2209.524902      0.645254
  2214.533447      0.645959
  2219.542236      0.646113
  2224.550781      0.626202
  2229.559570      0.619684
  2234.568115      0.600965
  2239.576904      0.574821
  2244.585449      0.534731
  2249.594238      0.506270
  2254.602783      0.481169
  2259.611572      0.461694
  2264.620117      0.432904
  2269.628906      0.421093
  2274.637451      0.427852
  2279.646240      0.435121
  2284.654785      0.429791
  2289.663574      0.420787
  2294.672119      0.394407
  2299.680908      0.399449
  2304.689453      0.405785
  2309.698242      0.426280
  2314.706787      0.399804
  2319.715576      0.348661
  2324.724365      0.375655
  2329.732910      0.393393
  2334.741699      0.381922
  2339.750244      0.328823
  2344.759033      0.322725
  2349.767578      0.275538
  2354.776367      0.286797
  2359.784912      0.326616
  2364.793701      0.317581
  2369.802246      0.239668
  2374.811035      0.259159
  2379.819580      0.240322
  2384.828369      0.209693
  2389.836914      0.237902
  2394.845703      0.253011
  2399.854248      0.263081
  2404.863037      0.218771
  2409.871582      0.197796
  2414.880371      0.148778
  2419.888916      0.158046
  2424.897705      0.210516
  2429.906250      0.239409
  2434.915039      0.138216
  2439.923584      0.214141
  2444.932373      0.135352
  2449.940918      0.075933
  2454.949707      0.136089
  2459.958252      0.172709
  2464.967041      0.125680
  2469.975586      0.095611
  2474.984375      0.075984
  2479.992920      0.047607
  2485.001709      0.021778
  2490.010254      0.014562
  2495.019043      0.018588
  2500.027588      0.038948
  2505.036377      0.000000
