383.035614
388.041809
393.048004
398.054199
403.060394
408.066589
413.072815
418.079010
423.085205
428.091400
433.097595
438.103790
443.109985
448.116211
453.122406
458.128601
463.134796
468.140991
473.147186
478.153412
483.159607
488.165802
493.171997
498.178192
503.184387
508.190613
513.196777
518.203003
523.209229
528.215393
533.221619
538.227783
543.234009
548.240173
553.246399
558.252625
563.258789
568.265015
573.271179
578.277405
583.283630
588.289795
593.296021
598.302185
603.308411
608.314575
613.320801
618.327026
623.333191
628.339417
633.345581
638.351807
643.357971
648.364197
653.370422
658.376587
663.382812
668.388977
673.395203
678.401428
683.407593
688.413818
693.419983
698.426208
703.432373
708.438599
713.444824
718.450989
723.457214
728.463379
733.469604
738.475830
743.481995
748.488220
753.494385
758.500610
763.506775
768.513000
773.519226
778.525391
783.531616
788.537781
793.544006
798.550171
803.556396
808.562622
813.568787
818.575012
823.581177
828.587402
833.593628
838.599792
843.606018
848.612183
853.618408
858.624573
863.630798
868.637024
873.643188
878.649414
883.655579
888.661804
893.668030
898.674194
903.680420
908.686584
913.692810
918.698975
923.705200
928.711426
933.717590
938.723816
943.729980
948.736206
953.742371
958.748596
963.754822
968.760986
973.767212
978.773376
983.779602
988.785828
993.791992
998.798218
1003.804382
1008.810608
1013.816772
1018.822998
1023.829224
1028.835449
1033.841553
1038.847778
1043.854004
1048.860229
1053.866455
1058.872559
1063.878784
1068.885010
1073.891235
1078.897461
1083.903564
1088.909790
1093.916016
1098.922241
1103.928345
1108.934570
1113.940796
1118.947021
1123.953247
1128.959351
1133.965576
1138.971802
1143.978027
1148.984253
1153.990356
1158.996582
1164.002808
1169.009033
1174.015259
1179.021362
1184.027588
1189.033813
1194.040039
1199.046143
1204.052368
1209.058594
1214.064819
1219.071045
1224.077148
1229.083374
1234.089600
1239.095825
1244.102051
1249.108154
1254.114380
1259.120605
1264.126831
1269.133057
1274.139160
1279.145386
1284.151611
1289.157837
1294.163940
1299.170166
1304.176392
1309.182617
1314.188843
1319.194946
1324.201172
1329.207397
1334.213623
1339.219849
1344.225952
1349.232178
1354.238403
1359.244629
1364.250854
1369.256958
1374.263184
1379.269409
1384.275635
1389.281860
1394.287964
1399.294189
1404.300415
1409.306641
1414.312744
1419.318970
1424.325195
1429.331421
1434.337646
1439.343750
1444.349976
1449.356201
1454.362427
1459.368652
1464.374756
1469.380981
1474.387207
1479.393433
1484.399658
1489.405762
1494.411987
1499.418213
1504.424438
1509.430542
1514.436768
1519.442993
1524.449219
1529.455444
1534.461548
1539.467773
1544.473999
1549.480225
1554.486450
1559.492554
1564.498779
1569.505005
1574.511230
1579.517456
1584.523560
1589.529785
1594.536011
1599.542236
1604.548340
1609.554565
1614.560791
1619.567017
1624.573242
1629.579346
1634.585571
1639.591797
1644.598022
1649.604248
1654.610352
1659.616577
1664.622803
1669.629028
1674.635254
1679.641357
1684.647583
1689.653809
1694.660034
1699.666260
1704.672363
1709.678589
1714.684814
1719.691040
1724.697144
1729.703369
1734.709595
1739.715820
1744.722046
1749.728149
1754.734375
1759.740601
1764.746826
1769.753052
1774.759155
1779.765381
1784.771606
1789.777832
1794.784058
1799.790161
1804.796387
1809.802612
1814.808838
1819.814941
1824.821167
1829.827393
1834.833618
1839.839844
1844.845947
1849.852173
1854.858398
1859.864624
1864.870850
1869.876953
1874.883179
1879.889404
1884.895630
1889.901855
1894.907959
1899.914185
1904.920410
1909.926636
1914.932739
1919.938965
1924.945190
1929.951416
1934.957642
1939.963745
1944.969971
1949.976196
1954.982422
1959.988647
1964.994751
1970.000977
1975.007202
1980.013428
1985.019653
1990.025757
1995.031982
2000.038208
2005.044434
2010.050659
2015.056763
2020.062988
2025.069214
2030.075439
2035.081543
2040.087769
2045.093994
2050.100098
2055.106445
2060.112549
2065.118896
2070.125000
2075.131104
2080.137451
2085.143555
2090.149902
2095.156006
2100.162109
2105.168457
2110.174561
2115.180908
2120.187012
2125.193115
2130.199463
2135.205566
2140.211914
2145.218018
2150.224121
2155.230469
2160.236572
2165.242920
2170.249023
2175.255127
2180.261475
2185.267578
2190.273682
2195.280029
2200.286133
2205.292480
2210.298584
2215.304688
2220.311035
2225.317139
2230.323486
2235.329590
2240.335693
2245.342041
2250.348145
2255.354492
2260.360596
2265.366699
2270.373047
2275.379150
2280.385498
2285.391602
2290.397705
2295.404053
2300.410156
2305.416504
2310.422607
2315.428711
2320.435059
2325.441162
2330.447510
2335.453613
2340.459717
2345.466064
2350.472168
2355.478516
2360.484619
2365.490723
2370.497070
2375.503174
2380.509521
2385.515625
2390.521729
2395.528076
2400.534180
2405.540283
2410.546631
2415.552734
2420.559082
2425.565186
2430.571289
2435.577637
2440.583740
2445.590088
2450.596191
2455.602295
2460.608643
2465.614746
2470.621094
2475.627197
2480.633301
2485.639648
2490.645752
2495.652100
2500.658203
2505.664307
2510.67065
