 383.036 -0.034 -0.022 -0.040  0.009 -0.043 -0.002 -0.044  0.001 -0.020 -0.031 
 388.042 -0.027 -0.014 -0.031  0.014 -0.031  0.008 -0.040  0.015 -0.011 -0.022 
 393.048 -0.021 -0.009 -0.027  0.021 -0.030  0.018 -0.031  0.017 -0.016 -0.024 
 398.054 -0.019 -0.014 -0.023  0.027 -0.026  0.020 -0.031  0.025 -0.014 -0.018 
 403.060 -0.011 -0.005 -0.014  0.041 -0.019  0.030 -0.026  0.040 -0.003 -0.010 
 408.067 -0.001  0.024 -0.017  0.129 -0.014  0.111 -0.026  0.131  0.011  0.005 
 413.073  0.013  0.044  0.004  0.136 -0.003  0.108 -0.008  0.127  0.037  0.022 
 418.079  0.024  0.050  0.011  0.138  0.012  0.115  0.003  0.129  0.041  0.028 
 423.085  0.034  0.058  0.023  0.139  0.018  0.119  0.013  0.127  0.045  0.029 
 428.091  0.041  0.065  0.026  0.141  0.025  0.123  0.014  0.124  0.047  0.032 
 433.098  0.036  0.069  0.030  0.148  0.026  0.126  0.019  0.130  0.050  0.036 
 438.104  0.037  0.074  0.030  0.148  0.027  0.130  0.019  0.127  0.047  0.035 
 443.110  0.041  0.078  0.032  0.153  0.027  0.130  0.025  0.128  0.051  0.034 
 448.116  0.043  0.082  0.033  0.157  0.029  0.135  0.023  0.130  0.056  0.036 
 453.122  0.043  0.087  0.034  0.158  0.030  0.138  0.022  0.127  0.058  0.035 
 458.129  0.044  0.086  0.036  0.162  0.031  0.139  0.024  0.128  0.057  0.036 
 463.135  0.046  0.091  0.038  0.163  0.032  0.141  0.024  0.129  0.058  0.037 
 468.141  0.047  0.095  0.038  0.165  0.033  0.143  0.025  0.128  0.063  0.037 
 473.147  0.047  0.093  0.038  0.169  0.033  0.145  0.026  0.128  0.063  0.037 
 478.153  0.048  0.098  0.040  0.167  0.033  0.144  0.028  0.126  0.065  0.038 
 483.160  0.050  0.101  0.041  0.172  0.036  0.149  0.030  0.124  0.068  0.038 
 488.166  0.050  0.103  0.041  0.173  0.037  0.151  0.029  0.125  0.069  0.039 
 493.172  0.051  0.108  0.043  0.176  0.036  0.152  0.031  0.127  0.073  0.040 
 498.178  0.053  0.109  0.044  0.179  0.038  0.156  0.031  0.125  0.074  0.042 
 503.184  0.056  0.115  0.045  0.184  0.041  0.159  0.032  0.125  0.076  0.045 
 508.191  0.057  0.117  0.048  0.185  0.046  0.161  0.033  0.127  0.078  0.048 
 513.197  0.064  0.121  0.050  0.189  0.050  0.163  0.036  0.127  0.080  0.055 
 518.203  0.071  0.125  0.055  0.192  0.056  0.164  0.036  0.127  0.084  0.064 
 523.209  0.080  0.128  0.063  0.193  0.065  0.164  0.035  0.123  0.085  0.076 
 528.215  0.088  0.134  0.069  0.197  0.072  0.166  0.040  0.125  0.086  0.090 
 533.222  0.099  0.138  0.072  0.201  0.079  0.167  0.041  0.124  0.091  0.101 
 538.228  0.103  0.143  0.080  0.203  0.085  0.165  0.043  0.121  0.093  0.114 
 543.234  0.109  0.147  0.082  0.205  0.089  0.168  0.044  0.129  0.095  0.124 
 548.240  0.115  0.152  0.085  0.207  0.092  0.169  0.045  0.123  0.098  0.135 
 553.246  0.116  0.157  0.086  0.209  0.097  0.169  0.048  0.124  0.100  0.143 
 558.253  0.119  0.162  0.087  0.215  0.098  0.170  0.047  0.125  0.103  0.146 
 563.259  0.114  0.168  0.084  0.214  0.094  0.170  0.050  0.124  0.108  0.148 
 568.265  0.108  0.173  0.082  0.214  0.092  0.171  0.048  0.125  0.109  0.148 
 573.271  0.104  0.178  0.077  0.217  0.087  0.172  0.049  0.123  0.112  0.147 
 578.277  0.100  0.182  0.074  0.214  0.082  0.175  0.050  0.123  0.113  0.145 
 583.284  0.097  0.187  0.074  0.216  0.079  0.175  0.052  0.121  0.116  0.145 
 588.290  0.096  0.190  0.071  0.220  0.078  0.173  0.052  0.123  0.118  0.143 
 593.296  0.093  0.196  0.072  0.220  0.076  0.177  0.054  0.121  0.123  0.145 
 598.302  0.094  0.201  0.071  0.220  0.074  0.174  0.053  0.123  0.126  0.146 
 603.308  0.093  0.204  0.071  0.223  0.074  0.174  0.053  0.122  0.129  0.146 
 608.315  0.092  0.204  0.068  0.224  0.073  0.176  0.054  0.120  0.133  0.145 
 613.321  0.089  0.207  0.066  0.223  0.071  0.176  0.051  0.120  0.137  0.143 
 618.327  0.087  0.212  0.064  0.226  0.067  0.177  0.054  0.118  0.141  0.137 
 623.333  0.090  0.215  0.065  0.224  0.067  0.177  0.055  0.119  0.142  0.137 
 628.339  0.087  0.216  0.065  0.225  0.066  0.176  0.057  0.117  0.144  0.138 
 633.346  0.087  0.222  0.064  0.225  0.066  0.178  0.056  0.122  0.151  0.141 
 638.352  0.086  0.225  0.064  0.227  0.065  0.176  0.056  0.119  0.152  0.138 
 643.358  0.085  0.228  0.059  0.228  0.062  0.178  0.057  0.119  0.158  0.131 
 648.364  0.082  0.228  0.059  0.228  0.060  0.180  0.056  0.114  0.162  0.121 
 653.370  0.079  0.231  0.057  0.228  0.058  0.179  0.056  0.115  0.167  0.115 
 658.377  0.079  0.233  0.056  0.226  0.056  0.176  0.055  0.116  0.167  0.111 
 663.383  0.075  0.236  0.054  0.229  0.055  0.177  0.057  0.116  0.171  0.102 
 668.389  0.075  0.239  0.051  0.228  0.050  0.177  0.056  0.113  0.178  0.095 
 673.395  0.079  0.243  0.050  0.227  0.053  0.180  0.058  0.114  0.181  0.090 
 678.401  0.078  0.248  0.048  0.232  0.051  0.179  0.055  0.116  0.189  0.093 
 683.408  0.081  0.253  0.052  0.235  0.053  0.180  0.058  0.113  0.195  0.097 
 688.414  0.092  0.256  0.060  0.234  0.064  0.181  0.061  0.114  0.195  0.128 
 693.420  0.113  0.262  0.073  0.232  0.083  0.183  0.065  0.112  0.204  0.179 
 698.426  0.151  0.267  0.095  0.239  0.118  0.184  0.071  0.113  0.207  0.239 
 703.432  0.204  0.270  0.125  0.242  0.163  0.187  0.076  0.115  0.213  0.299 
 708.439  0.264  0.276  0.160  0.245  0.213  0.185  0.084  0.112  0.216  0.350 
 713.445  0.330  0.280  0.198  0.250  0.271  0.188  0.089  0.114  0.222  0.392 
 718.451  0.401  0.283  0.243  0.254  0.335  0.191  0.099  0.115  0.227  0.424 
 723.457  0.479  0.288  0.293  0.256  0.405  0.190  0.108  0.119  0.233  0.456 
 728.463  0.552  0.292  0.343  0.259  0.477  0.193  0.115  0.120  0.238  0.485 
 733.470  0.623  0.295  0.389  0.261  0.544  0.192  0.122  0.119  0.243  0.509 
 738.476  0.680  0.299  0.425  0.265  0.602  0.193  0.130  0.120  0.248  0.531 
 743.482  0.717  0.300  0.452  0.266  0.648  0.195  0.137  0.122  0.256  0.543 
 748.488  0.748  0.304  0.471  0.270  0.680  0.196  0.139  0.124  0.260  0.553 
 753.494  0.777  0.310  0.489  0.271  0.707  0.198  0.141  0.123  0.267  0.563 
 758.501  0.786  0.312  0.483  0.280  0.718  0.192  0.144  0.115  0.268  0.555 
 763.507  0.777  0.309  0.490  0.261  0.717  0.204  0.158  0.130  0.274  0.560 
 768.513  0.806  0.315  0.507  0.267  0.740  0.197  0.150  0.122  0.279  0.574 
 773.519  0.812  0.318  0.508  0.271  0.749  0.197  0.148  0.120  0.285  0.580 
 778.525  0.817  0.321  0.508  0.272  0.757  0.194  0.153  0.121  0.290  0.584 
 783.532  0.819  0.321  0.516  0.273  0.758  0.195  0.154  0.120  0.293  0.585 
 788.538  0.827  0.322  0.518  0.274  0.763  0.199  0.155  0.120  0.299  0.587 
 793.544  0.831  0.324  0.521  0.274  0.766  0.200  0.155  0.120  0.301  0.591 
 798.550  0.837  0.329  0.524  0.275  0.772  0.199  0.157  0.116  0.305  0.595 
 803.556  0.836  0.330  0.524  0.275  0.775  0.198  0.155  0.115  0.309  0.597 
 808.563  0.850  0.330  0.533  0.276  0.779  0.201  0.159  0.118  0.313  0.596 
 813.569  0.851  0.333  0.527  0.276  0.785  0.200  0.159  0.116  0.318  0.597 
 818.575  0.852  0.334  0.527  0.274  0.785  0.202  0.161  0.119  0.320  0.601 
 823.581  0.859  0.338  0.526  0.274  0.796  0.202  0.164  0.116  0.328  0.602 
 828.587  0.858  0.336  0.518  0.277  0.793  0.203  0.163  0.115  0.331  0.599 
 833.594  0.865  0.339  0.513  0.272  0.796  0.205  0.164  0.116  0.336  0.610 
 838.600  0.871  0.338  0.509  0.272  0.799  0.205  0.165  0.113  0.337  0.612 
 843.606  0.880  0.339  0.508  0.275  0.801  0.206  0.165  0.114  0.341  0.614 
 848.612  0.875  0.339  0.505  0.274  0.806  0.206  0.165  0.112  0.343  0.618 
 853.618  0.881  0.340  0.507  0.276  0.806  0.207  0.164  0.112  0.349  0.617 
 858.625  0.885  0.343  0.502  0.275  0.812  0.209  0.167  0.110  0.353  0.619 
 863.631  0.885  0.344  0.503  0.272  0.816  0.207  0.166  0.112  0.352  0.621 
 868.637  0.892  0.344  0.501  0.274  0.815  0.208  0.170  0.111  0.359  0.624 
 873.643  0.891  0.344  0.498  0.274  0.815  0.209  0.166  0.111  0.361  0.623 
 878.649  0.900  0.346  0.496  0.274  0.821  0.209  0.167  0.107  0.361  0.629 
 883.656  0.901  0.347  0.493  0.273  0.824  0.209  0.166  0.107  0.369  0.629 
 888.662  0.903  0.349  0.492  0.274  0.824  0.213  0.168  0.108  0.368  0.632 
 893.668  0.909  0.350  0.490  0.276  0.830  0.211  0.168  0.107  0.374  0.624 
 898.674  0.912  0.354  0.486  0.277  0.887  0.211  0.172  0.109  0.374  0.625 
 903.680  0.914  0.352  0.479  0.274  0.828  0.212  0.171  0.109  0.374  0.627 
 908.687  0.910  0.355  0.477  0.273  0.829  0.211  0.174  0.107  0.380  0.624 
 913.693  0.917  0.352  0.471  0.276  0.823  0.214  0.170  0.106  0.381  0.622 
 918.699  0.919  0.357  0.466  0.270  0.827  0.211  0.170  0.106  0.383  0.629 
 923.705  0.920  0.356  0.453  0.274  0.825  0.209  0.171  0.102  0.386  0.630 
 928.711  0.917  0.362  0.433  0.284  0.824  0.208  0.172  0.100  0.388  0.620 
 933.718  0.893  0.355  0.401  0.281  0.806  0.209  0.183  0.104  0.385  0.591 
 938.724  0.890  0.355  0.395  0.266  0.796  0.214  0.181  0.112  0.385  0.593 
 943.730  0.889  0.358  0.370  0.278  0.788  0.217  0.175  0.107  0.388  0.597 
 948.736  0.884  0.361  0.355  0.268  0.776  0.218  0.184  0.101  0.390  0.593 
 953.742  0.869  0.363  0.325  0.272  0.764  0.215  0.176  0.106  0.391  0.585 
 958.749  0.866  0.356  0.306  0.271  0.747  0.213  0.173  0.100  0.393  0.588 
 963.755  0.868  0.363  0.295  0.270  0.748  0.215  0.168  0.097  0.396  0.591 
 968.761  0.864  0.365  0.293  0.267  0.741  0.215  0.166  0.097  0.399  0.593 
 973.767  0.870  0.363  0.291  0.271  0.741  0.212  0.166  0.092  0.400  0.591 
 978.773  0.870  0.366  0.294  0.271  0.742  0.215  0.169  0.095  0.402  0.596 
 983.780  0.871  0.366  0.292  0.268  0.746  0.214  0.168  0.092  0.398  0.597 
 988.786  0.874  0.369  0.296  0.272  0.746  0.214  0.165  0.090  0.404  0.606 
 993.792  0.874  0.367  0.301  0.272  0.752  0.213  0.166  0.092  0.405  0.604 
 998.798  0.886  0.375  0.305  0.271  0.761  0.214  0.167  0.091  0.408  0.607 
1003.804  0.887  0.372  0.317  0.272  0.766  0.215  0.169  0.092  0.412  0.609 
1008.811  0.901  0.374  0.322  0.272  0.776  0.216  0.170  0.091  0.412  0.616 
1013.817  0.907  0.377  0.331  0.270  0.784  0.212  0.170  0.090  0.415  0.620 
1018.823  0.909  0.378  0.342  0.274  0.790  0.213  0.173  0.093  0.418  0.623 
1023.829  0.915  0.377  0.351  0.271  0.801  0.213  0.172  0.089  0.423  0.629 
1028.835  0.928  0.377  0.364  0.275  0.806  0.212  0.173  0.093  0.424  0.631 
1033.842  0.931  0.379  0.375  0.273  0.818  0.212  0.173  0.090  0.429  0.636 
1038.848  0.935  0.380  0.385  0.274  0.823  0.211  0.174  0.092  0.431  0.638 
1043.854  0.942  0.384  0.394  0.275  0.829  0.212  0.176  0.095  0.427  0.644 
1048.860  0.947  0.384  0.404  0.274  0.837  0.212  0.177  0.096  0.433  0.645 
1053.866  0.952  0.383  0.409  0.273  0.842  0.213  0.178  0.095  0.435  0.651 
1058.873  0.954  0.385  0.417  0.275  0.848  0.211  0.177  0.096  0.435  0.652 
1063.879  0.957  0.387  0.422  0.274  0.848  0.212  0.179  0.096  0.441  0.654 
1068.885  0.963  0.389  0.424  0.275  0.853  0.213  0.178  0.097  0.441  0.654 
1073.891  0.968  0.391  0.424  0.276  0.854  0.211  0.180  0.099  0.446  0.656 
1078.897  0.969  0.390  0.422  0.276  0.855  0.214  0.181  0.097  0.447  0.658 
1083.904  0.971  0.388  0.419  0.275  0.853  0.215  0.179  0.100  0.448  0.655 
1088.910  0.968  0.390  0.414  0.276  0.851  0.214  0.181  0.103  0.449  0.656 
1093.916  0.966  0.390  0.406  0.278  0.849  0.216  0.180  0.102  0.451  0.654 
1098.922  0.964  0.392  0.400  0.278  0.848  0.214  0.180  0.104  0.454  0.652 
1103.928  0.970  0.395  0.391  0.280  0.846  0.215  0.179  0.105  0.456  0.648 
1108.935  0.966  0.395  0.386  0.279  0.845  0.216  0.182  0.106  0.455  0.645 
1113.941  0.963  0.399  0.375  0.287  0.840  0.215  0.185  0.109  0.450  0.633 
1118.947  0.949  0.394  0.366  0.285  0.828  0.217  0.190  0.112  0.452  0.616 
1123.953  0.925  0.386  0.347  0.276  0.798  0.221  0.196  0.116  0.439  0.608 
1128.959  0.918  0.395  0.330  0.271  0.785  0.222  0.189  0.120  0.442  0.609 
1133.966  0.892  0.387  0.305  0.277  0.764  0.216  0.187  0.116  0.440  0.599 
1138.972  0.884  0.396  0.274  0.275  0.736  0.215  0.174  0.116  0.443  0.590 
1143.978  0.857  0.396  0.248  0.282  0.710  0.215  0.175  0.115  0.438  0.567 
1148.984  0.822  0.389  0.224  0.269  0.661  0.212  0.173  0.118  0.430  0.553 
1153.990  0.805  0.393  0.210  0.263  0.641  0.210  0.164  0.121  0.428  0.545 
1158.997  0.799  0.394  0.201  0.265  0.627  0.208  0.162  0.119  0.426  0.542 
1164.003  0.792  0.398  0.196  0.267  0.621  0.204  0.161  0.119  0.429  0.537 
1169.009  0.786  0.394  0.193  0.266  0.611  0.200  0.157  0.119  0.424  0.534 
1174.015  0.778  0.395  0.191  0.268  0.609  0.200  0.157  0.119  0.424  0.530 
1179.021  0.775  0.395  0.190  0.268  0.603  0.199  0.156  0.119  0.419  0.526 
1184.028  0.770  0.394  0.188  0.266  0.596  0.196  0.157  0.119  0.421  0.524 
1189.034  0.768  0.393  0.186  0.264  0.594  0.196  0.155  0.120  0.417  0.522 
1194.040  0.766  0.397  0.185  0.255  0.592  0.195  0.157  0.123  0.417  0.519 
1199.046  0.762  0.398  0.185  0.267  0.590  0.192  0.155  0.124  0.413  0.518 
1204.052  0.767  0.398  0.185  0.265  0.587  0.192  0.157  0.124  0.415  0.519 
1209.059  0.770  0.398  0.185  0.267  0.591  0.191  0.159  0.126  0.418  0.519 
1214.065  0.769  0.400  0.185  0.268  0.593  0.191  0.155  0.127  0.417  0.524 
1219.071  0.773  0.402  0.188  0.267  0.600  0.189  0.159  0.127  0.422  0.526 
1224.077  0.778  0.402  0.190  0.269  0.605  0.191  0.159  0.129  0.420  0.531 
1229.083  0.786  0.404  0.192  0.269  0.611  0.194  0.160  0.129  0.423  0.534 
1234.090  0.787  0.404  0.193  0.270  0.615  0.196  0.161  0.130  0.425  0.538 
1239.096  0.791  0.407  0.196  0.270  0.620  0.197  0.163  0.131  0.428  0.539 
1244.102  0.794  0.409  0.197  0.269  0.625  0.198  0.162  0.132  0.431  0.542 
1249.108  0.799  0.407  0.199  0.271  0.629  0.201  0.163  0.132  0.434  0.546 
1254.114  0.801  0.410  0.200  0.272  0.633  0.201  0.163  0.132  0.434  0.547 
1259.121  0.803  0.410  0.199  0.273  0.638  0.203  0.165  0.133  0.437  0.547 
1264.127  0.810  0.412  0.201  0.274  0.637  0.204  0.165  0.135  0.440  0.549 
1269.133  0.811  0.413  0.203  0.270  0.638  0.207  0.165  0.135  0.439  0.553 
1274.139  0.807  0.414  0.201  0.270  0.639  0.204  0.165  0.136  0.442  0.549 
1279.145  0.807  0.412  0.200  0.271  0.635  0.206  0.165  0.135  0.444  0.550 
1284.152  0.803  0.416  0.197  0.269  0.632  0.207  0.164  0.138  0.447  0.547 
1289.158  0.803  0.415  0.192  0.270  0.627  0.206  0.164  0.139  0.448  0.546 
1294.164  0.795  0.416  0.190  0.273  0.622  0.207  0.164  0.137  0.449  0.542 
1299.170  0.788  0.419  0.185  0.273  0.613  0.207  0.162  0.139  0.449  0.539 
1304.176  0.783  0.423  0.178  0.272  0.605  0.210  0.167  0.137  0.451  0.532 
1309.183  0.777  0.420  0.173  0.269  0.594  0.208  0.156  0.141  0.452  0.532 
1314.189  0.768  0.422  0.167  0.272  0.579  0.208  0.161  0.138  0.449  0.521 
1319.195  0.749  0.421  0.160  0.272  0.560  0.207  0.160  0.138  0.448  0.509 
1324.201  0.733  0.422  0.149  0.270  0.538  0.207  0.157  0.138  0.444  0.497 
1329.207  0.719  0.424  0.143  0.277  0.521  0.209  0.152  0.135  0.442  0.485 
1334.214  0.694  0.426  0.136  0.267  0.494  0.209  0.151  0.143  0.438  0.473 
1339.220  0.679  0.426  0.128  0.269  0.478  0.210  0.146  0.139  0.436  0.461 
1344.226  0.673  0.434  0.127  0.286  0.466  0.209  0.151  0.133  0.429  0.448 
1349.232  0.666  0.440  0.120  0.304  0.475  0.211  0.160  0.131  0.439  0.439 
1354.238  0.000  0.000  0.000  0.000  0.000  0.000  0.000  0.000  0.000  0.000 
1359.245  0.000  0.000  0.000  0.000  0.000  0.000  0.000  0.000  0.000  0.000 
1364.251  0.000  0.000  0.000  0.000  0.000  0.000  0.000  0.000  0.000  0.000 
1369.257  0.000  0.000  0.000  0.000  0.000  0.000  0.000  0.000  0.000  0.000 
1374.263  0.000  0.000  0.000  0.000  0.000  0.000  0.000  0.000  0.000  0.000 
1379.269  0.000  0.000  0.000  0.000  0.000  0.000  0.000  0.000  0.000  0.000 
1384.276  0.000  0.000  0.000  0.000  0.000  0.000  0.000  0.000  0.000  0.000 
1389.282  0.000  0.000  0.000  0.000  0.000  0.000  0.000  0.000  0.000  0.000 
1394.288  0.000  0.000  0.000  0.000  0.000  0.000  0.000  0.000  0.000  0.000 
1399.294  0.000  0.000  0.000  0.000  0.000  0.000  0.000  0.000  0.000  0.000 
1404.300  0.000  0.000  0.000  0.000  0.000  0.000  0.000  0.000  0.000  0.000 
1409.307  0.000  0.000  0.000  0.000  0.000  0.000  0.000  0.000  0.000  0.000 
1414.313  0.000  0.000  0.000  0.000  0.000  0.000  0.000  0.000  0.000  0.000 
1419.319  0.214  0.379  0.055  0.212  0.111  0.188  0.115  0.135  0.267  0.149 
1424.325  0.204  0.379  0.043  0.218  0.103  0.185  0.097  0.128  0.267  0.126 
1429.331  0.192  0.388  0.040  0.217  0.090  0.189  0.096  0.131  0.266  0.125 
1434.338  0.180  0.389  0.046  0.225  0.093  0.190  0.095  0.138  0.261  0.127 
1439.344  0.179  0.389  0.039  0.225  0.083  0.192  0.102  0.141  0.257  0.126 
1444.350  0.179  0.396  0.037  0.215  0.084  0.190  0.093  0.137  0.260  0.122 
1449.356  0.174  0.393  0.037  0.228  0.082  0.182  0.096  0.134  0.256  0.119 
1454.362  0.175  0.401  0.038  0.222  0.080  0.190  0.095  0.146  0.257  0.120 
1459.369  0.175  0.410  0.036  0.235  0.081  0.187  0.092  0.133  0.257  0.117 
1464.375  0.176  0.407  0.037  0.234  0.082  0.188  0.096  0.133  0.253  0.116 
1469.381  0.182  0.410  0.039  0.231  0.084  0.192  0.097  0.137  0.251  0.122 
1474.387  0.186  0.407  0.039  0.228  0.086  0.188  0.093  0.143  0.254  0.125 
1479.393  0.192  0.407  0.039  0.224  0.089  0.188  0.095  0.139  0.255  0.131 
1484.400  0.199  0.410  0.040  0.233  0.093  0.193  0.098  0.136  0.253  0.132 
1489.406  0.205  0.411  0.039  0.224  0.097  0.190  0.096  0.142  0.257  0.139 
1494.412  0.212  0.414  0.040  0.233  0.100  0.191  0.097  0.138  0.261  0.142 
1499.418  0.222  0.415  0.039  0.233  0.105  0.191  0.099  0.138  0.262  0.147 
1504.424  0.231  0.414  0.041  0.232  0.110  0.193  0.099  0.138  0.264  0.154 
1509.431  0.240  0.416  0.041  0.234  0.115  0.192  0.101  0.138  0.267  0.158 
1514.437  0.251  0.418  0.042  0.234  0.120  0.193  0.103  0.138  0.268  0.164 
1519.443  0.257  0.417  0.043  0.234  0.127  0.194  0.104  0.140  0.270  0.171 
1524.449  0.267  0.421  0.044  0.238  0.132  0.193  0.103  0.139  0.271  0.176 
1529.455  0.275  0.422  0.046  0.239  0.138  0.192  0.105  0.140  0.272  0.181 
1534.462  0.286  0.423  0.047  0.239  0.144  0.193  0.106  0.139  0.274  0.188 
1539.468  0.295  0.426  0.047  0.241  0.149  0.192  0.106  0.140  0.278  0.194 
1544.474  0.304  0.425  0.048  0.241  0.155  0.192  0.108  0.140  0.278  0.200 
1549.480  0.309  0.426  0.050  0.241  0.160  0.195  0.109  0.139  0.278  0.206 
1554.486  0.318  0.427  0.051  0.242  0.166  0.195  0.110  0.140  0.280  0.210 
1559.493  0.328  0.430  0.052  0.244  0.172  0.197  0.113  0.142  0.281  0.216 
1564.499  0.335  0.430  0.053  0.244  0.179  0.197  0.113  0.141  0.283  0.219 
1569.505  0.343  0.432  0.054  0.243  0.183  0.199  0.113  0.141  0.284  0.225 
1574.511  0.348  0.434  0.056  0.245  0.188  0.200  0.114  0.143  0.287  0.229 
1579.517  0.358  0.434  0.057  0.244  0.192  0.199  0.114  0.144  0.286  0.235 
1584.524  0.363  0.437  0.058  0.244  0.199  0.200  0.116  0.142  0.288  0.240 
1589.530  0.368  0.436  0.059  0.247  0.202  0.200  0.117  0.142  0.291  0.243 
1594.536  0.378  0.436  0.060  0.249  0.208  0.201  0.118  0.143  0.294  0.247 
1599.542  0.383  0.439  0.062  0.252  0.212  0.201  0.117  0.142  0.297  0.252 
1604.548  0.391  0.442  0.062  0.250  0.217  0.202  0.120  0.144  0.301  0.257 
1609.555  0.394  0.440  0.062  0.248  0.221  0.203  0.119  0.144  0.304  0.262 
1614.561  0.400  0.442  0.063  0.250  0.225  0.202  0.121  0.147  0.308  0.265 
1619.567  0.406  0.443  0.064  0.250  0.230  0.201  0.121  0.144  0.309  0.268 
1624.573  0.411  0.444  0.066  0.250  0.232  0.201  0.123  0.146  0.313  0.270 
1629.579  0.415  0.445  0.065  0.251  0.236  0.202  0.123  0.147  0.317  0.273 
1634.586  0.421  0.445  0.067  0.252  0.238  0.203  0.122  0.146  0.319  0.275 
1639.592  0.422  0.446  0.066  0.252  0.241  0.202  0.124  0.146  0.320  0.278 
1644.598  0.425  0.446  0.068  0.251  0.244  0.201  0.123  0.146  0.319  0.279 
1649.604  0.428  0.448  0.067  0.253  0.246  0.201  0.125  0.147  0.321  0.280 
1654.610  0.429  0.449  0.069  0.251  0.248  0.199  0.125  0.147  0.317  0.280 
1659.617  0.429  0.450  0.069  0.253  0.247  0.199  0.126  0.147  0.317  0.280 
1664.623  0.429  0.450  0.069  0.254  0.248  0.198  0.126  0.145  0.315  0.278 
1669.629  0.427  0.451  0.069  0.251  0.248  0.198  0.125  0.147  0.314  0.277 
1674.635  0.428  0.450  0.069  0.253  0.246  0.198  0.124  0.147  0.316  0.273 
1679.641  0.426  0.451  0.069  0.254  0.246  0.196  0.124  0.147  0.315  0.274 
1684.648  0.424  0.453  0.069  0.253  0.245  0.196  0.125  0.148  0.316  0.273 
1689.654  0.421  0.451  0.068  0.253  0.244  0.193  0.124  0.146  0.313  0.273 
1694.660  0.417  0.451  0.068  0.253  0.242  0.193  0.124  0.146  0.315  0.268 
1699.666  0.417  0.451  0.066  0.254  0.239  0.192  0.124  0.146  0.313  0.267 
1704.672  0.410  0.452  0.065  0.253  0.235  0.190  0.122  0.146  0.311  0.263 
1709.679  0.408  0.451  0.066  0.252  0.232  0.191  0.122  0.147  0.310  0.261 
1714.685  0.405  0.452  0.064  0.254  0.228  0.190  0.122  0.147  0.308  0.259 
1719.691  0.401  0.451  0.063  0.253  0.225  0.189  0.121  0.145  0.305  0.254 
1724.697  0.397  0.452  0.062  0.252  0.221  0.191  0.120  0.149  0.306  0.255 
1729.703  0.393  0.452  0.061  0.253  0.218  0.189  0.120  0.145  0.304  0.251 
1734.710  0.391  0.452  0.061  0.255  0.214  0.190  0.120  0.149  0.304  0.252 
1739.716  0.387  0.454  0.060  0.252  0.213  0.191  0.119  0.147  0.304  0.250 
1744.722  0.384  0.452  0.059  0.252  0.209  0.190  0.119  0.146  0.304  0.245 
1749.728  0.377  0.452  0.058  0.249  0.205  0.191  0.117  0.147  0.300  0.241 
1754.734  0.369  0.454  0.057  0.253  0.201  0.192  0.119  0.147  0.302  0.242 
1759.741  0.363  0.452  0.057  0.253  0.197  0.191  0.116  0.145  0.300  0.235 
1764.747  0.358  0.453  0.056  0.252  0.195  0.194  0.116  0.146  0.300  0.233 
1769.753  0.355  0.453  0.055  0.254  0.192  0.192  0.118  0.147  0.298  0.230 
1774.759  0.354  0.456  0.057  0.252  0.188  0.195  0.114  0.145  0.295  0.227 
1779.765  0.351  0.458  0.055  0.254  0.188  0.196  0.117  0.148  0.301  0.229 
1784.772  0.352  0.458  0.054  0.252  0.188  0.196  0.116  0.147  0.302  0.230 
1789.778  0.353  0.459  0.055  0.260  0.188  0.193  0.115  0.142  0.299  0.225 
1794.784  0.356  0.461  0.056  0.255  0.188  0.199  0.117  0.151  0.308  0.232 
1799.790  0.349  0.457  0.058  0.276  0.191  0.191  0.118  0.136  0.301  0.225 
1804.796  0.347  0.467  0.066  0.256  0.197  0.197  0.133  0.147  0.305  0.234 
1809.803  0.363  0.454  0.062  0.267  0.190  0.202  0.124  0.149  0.305  0.232 
1814.809  0.000  0.000  0.000  0.000  0.000  0.000  0.000  0.000  0.000  0.000 
1819.815  0.000  0.000  0.000  0.000  0.000  0.000  0.000  0.000  0.000  0.000 
1824.821  0.000  0.000  0.000  0.000  0.000  0.000  0.000  0.000  0.000  0.000 
1829.827  0.000  0.000  0.000  0.000  0.000  0.000  0.000  0.000  0.000  0.000 
1834.834  0.000  0.000  0.000  0.000  0.000  0.000  0.000  0.000  0.000  0.000 
1839.840  0.000  0.000  0.000  0.000  0.000  0.000  0.000  0.000  0.000  0.000 
1844.846  0.000  0.000  0.000  0.000  0.000  0.000  0.000  0.000  0.000  0.000 
1849.852  0.000  0.000  0.000  0.000  0.000  0.000  0.000  0.000  0.000  0.000 
1854.858  0.000  0.000  0.000  0.000  0.000  0.000  0.000  0.000  0.000  0.000 
1859.865  0.000  0.000  0.000  0.000  0.000  0.000  0.000  0.000  0.000  0.000 
1864.871  0.000  0.000  0.000  0.000  0.000  0.000  0.000  0.000  0.000  0.000 
1869.877  0.000  0.000  0.000  0.000  0.000  0.000  0.000  0.000  0.000  0.000 
1874.883  0.000  0.000  0.000  0.000  0.000  0.000  0.000  0.000  0.000  0.000 
1879.889  0.000  0.000  0.000  0.000  0.000  0.000  0.000  0.000  0.000  0.000 
1884.896  0.000  0.000  0.000  0.000  0.000  0.000  0.000  0.000  0.000  0.000 
1889.902  0.000  0.000  0.000  0.000  0.000  0.000  0.000  0.000  0.000  0.000 
1894.908  0.000  0.000  0.000  0.000  0.000  0.000  0.000  0.000  0.000  0.000 
1899.914  0.000  0.000  0.000  0.000  0.000  0.000  0.000  0.000  0.000  0.000 
1904.920  0.000  0.000  0.000  0.000  0.000  0.000  0.000  0.000  0.000  0.000 
1909.927  0.000  0.000  0.000  0.000  0.000  0.000  0.000  0.000  0.000  0.000 
1914.933  0.000  0.000  0.000  0.000  0.000  0.000  0.000  0.000  0.000  0.000 
1919.939  0.000  0.000  0.000  0.000  0.000  0.000  0.000  0.000  0.000  0.000 
1924.945  0.000  0.000  0.000  0.000  0.000  0.000  0.000  0.000  0.000  0.000 
1929.951  0.000  0.000  0.000  0.000  0.000  0.000  0.000  0.000  0.000  0.000 
1934.958  0.000  0.000  0.000  0.000  0.000  0.000  0.000  0.000  0.000  0.000 
1939.964  0.071  0.374  0.035  0.180  0.025  0.187  0.066  0.161  0.219  0.053 
1944.970  0.069  0.366  0.016  0.218  0.024  0.183  0.072  0.171  0.189  0.047 
1949.976  0.068  0.370  0.017  0.186  0.014  0.182  0.073  0.154  0.177  0.045 
1954.982  0.067  0.374  0.021  0.212  0.015  0.172  0.061  0.145  0.189  0.039 
1959.989  0.068  0.376  0.023  0.189  0.033  0.184  0.074  0.157  0.187  0.053 
1964.995  0.073  0.378  0.023  0.184  0.027  0.189  0.074  0.157  0.183  0.055 
1970.001  0.076  0.378  0.025  0.197  0.030  0.186  0.076  0.147  0.191  0.053 
1975.007  0.079  0.384  0.025  0.193  0.032  0.189  0.070  0.148  0.195  0.050 
1980.013  0.078  0.387  0.023  0.197  0.033  0.190  0.074  0.150  0.199  0.054 
1985.020  0.079  0.395  0.023  0.202  0.033  0.184  0.076  0.141  0.204  0.054 
1990.026  0.084  0.397  0.022  0.201  0.034  0.186  0.077  0.147  0.205  0.054 
1995.032  0.087  0.402  0.023  0.214  0.034  0.183  0.076  0.136  0.206  0.056 
2000.038  0.036  0.181  0.010  0.101  0.013  0.086  0.032  0.056  0.090  0.026 
2005.044  0.041  0.179  0.009  0.083  0.010  0.089  0.033  0.074  0.089  0.030 
2010.051  0.094  0.410  0.017  0.206  0.032  0.177  0.084  0.148  0.215  0.065 
2015.057  0.088  0.393  0.020  0.198  0.030  0.186  0.064  0.153  0.215  0.065 
2020.063  0.102  0.407  0.026  0.193  0.040  0.193  0.083  0.150  0.213  0.075 
2025.069  0.107  0.417  0.023  0.204  0.042  0.191  0.082  0.149  0.213  0.070 
2030.075  0.108  0.422  0.026  0.209  0.043  0.190  0.082  0.147  0.212  0.071 
2035.082  0.110  0.423  0.025  0.213  0.045  0.190  0.087  0.145  0.210  0.072 
2040.088  0.111  0.424  0.022  0.212  0.045  0.188  0.088  0.142  0.206  0.073 
2045.094  0.117  0.427  0.024  0.216  0.047  0.190  0.084  0.140  0.203  0.074 
2050.100  0.115  0.428  0.025  0.222  0.046  0.187  0.085  0.139  0.199  0.074 
2055.106  0.115  0.419  0.024  0.211  0.049  0.190  0.086  0.146  0.197  0.079 
2060.113  0.122  0.423  0.028  0.216  0.051  0.191  0.083  0.146  0.190  0.079 
2065.119  0.121  0.416  0.027  0.215  0.050  0.187  0.082  0.144  0.192  0.082 
2070.125  0.124  0.426  0.026  0.212  0.053  0.192  0.086  0.146  0.188  0.082 
2075.131  0.128  0.428  0.027  0.213  0.055  0.191  0.085  0.146  0.186  0.087 
2080.137  0.132  0.427  0.026  0.219  0.055  0.189  0.086  0.145  0.182  0.085 
2085.144  0.136  0.429  0.026  0.218  0.056  0.190  0.084  0.142  0.185  0.087 
2090.150  0.136  0.426  0.026  0.222  0.059  0.193  0.086  0.144  0.183  0.090 
2095.156  0.141  0.424  0.026  0.221  0.061  0.192  0.086  0.143  0.181  0.091 
2100.162  0.142  0.424  0.027  0.218  0.060  0.190  0.088  0.140  0.180  0.092 
2105.168  0.149  0.427  0.029  0.223  0.064  0.191  0.088  0.144  0.180  0.096 
2110.175  0.149  0.428  0.027  0.223  0.065  0.192  0.087  0.145  0.181  0.095 
2115.181  0.152  0.425  0.028  0.220  0.066  0.191  0.090  0.143  0.182  0.097 
2120.187  0.157  0.427  0.029  0.220  0.067  0.193  0.087  0.144  0.183  0.101 
2125.193  0.156  0.425  0.028  0.221  0.069  0.190  0.087  0.142  0.182  0.101 
2130.199  0.162  0.427  0.030  0.223  0.069  0.191  0.091  0.142  0.184  0.103 
2135.206  0.162  0.426  0.029  0.222  0.071  0.191  0.087  0.142  0.184  0.104 
2140.212  0.163  0.423  0.029  0.220  0.073  0.190  0.090  0.143  0.187  0.106 
2145.218  0.167  0.425  0.030  0.219  0.075  0.192  0.088  0.142  0.188  0.108 
2150.224  0.169  0.424  0.030  0.219  0.074  0.192  0.088  0.141  0.189  0.109 
2155.230  0.174  0.417  0.030  0.219  0.075  0.191  0.090  0.144  0.191  0.110 
2160.237  0.174  0.419  0.030  0.222  0.078  0.190  0.088  0.140  0.192  0.112 
2165.243  0.175  0.416  0.029  0.215  0.080  0.192  0.089  0.141  0.195  0.115 
2170.249  0.176  0.412  0.031  0.216  0.080  0.190  0.090  0.142  0.196  0.116 
2175.255  0.184  0.412  0.032  0.218  0.080  0.189  0.088  0.142  0.201  0.119 
2180.261  0.184  0.411  0.029  0.220  0.083  0.189  0.088  0.143  0.203  0.118 
2185.268  0.185  0.409  0.032  0.214  0.084  0.188  0.088  0.145  0.204  0.121 
2190.274  0.186  0.407  0.032  0.213  0.086  0.190  0.091  0.141  0.205  0.122 
2195.280  0.189  0.407  0.031  0.215  0.087  0.190  0.089  0.144  0.210  0.124 
2200.286  0.189  0.398  0.032  0.211  0.087  0.187  0.087  0.140  0.206  0.126 
2205.292  0.192  0.398  0.032  0.208  0.089  0.185  0.090  0.141  0.210  0.127 
2210.299  0.195  0.398  0.031  0.211  0.091  0.186  0.086  0.142  0.209  0.127 
2215.305  0.194  0.402  0.032  0.209  0.089  0.186  0.087  0.141  0.210  0.128 
2220.311  0.191  0.405  0.032  0.210  0.088  0.185  0.089  0.144  0.206  0.125 
2225.317  0.194  0.408  0.031  0.212  0.091  0.184  0.089  0.141  0.207  0.126 
2230.323  0.192  0.410  0.031  0.215  0.088  0.185  0.088  0.139  0.208  0.124 
2235.330  0.193  0.409  0.030  0.210  0.089  0.183  0.089  0.139  0.200  0.124 
2240.336  0.189  0.415  0.030  0.212  0.086  0.186  0.085  0.143  0.195  0.121 
2245.342  0.186  0.412  0.031  0.212  0.083  0.184  0.089  0.144  0.192  0.118 
2250.348  0.182  0.412  0.032  0.210  0.082  0.181  0.087  0.143  0.189  0.115 
2255.354  0.177  0.416  0.030  0.208  0.081  0.183  0.090  0.140  0.181  0.114 
2260.361  0.171  0.409  0.029  0.210  0.078  0.179  0.085  0.143  0.179  0.110 
2265.367  0.165  0.411  0.028  0.206  0.077  0.179  0.086  0.140  0.171  0.108 
2270.373  0.158  0.407  0.028  0.206  0.072  0.178  0.082  0.138  0.167  0.105 
2275.379  0.159  0.405  0.027  0.204  0.072  0.178  0.083  0.140  0.170  0.100 
2280.385  0.154  0.402  0.025  0.204  0.070  0.177  0.081  0.139  0.166  0.099 
2285.392  0.147  0.397  0.026  0.201  0.068  0.174  0.083  0.134  0.168  0.095 
2290.398  0.150  0.395  0.025  0.202  0.065  0.175  0.082  0.136  0.174  0.095 
2295.404  0.146  0.393  0.024  0.199  0.064  0.173  0.076  0.145  0.173  0.092 
2300.410  0.142  0.390  0.023  0.197  0.060  0.172  0.079  0.136  0.172  0.088 
2305.417  0.139  0.390  0.024  0.193  0.059  0.173  0.079  0.139  0.171  0.088 
2310.423  0.139  0.390  0.022  0.196  0.059  0.170  0.075  0.138  0.168  0.084 
2315.429  0.134  0.387  0.024  0.203  0.059  0.171  0.077  0.138  0.162  0.085 
2320.435  0.134  0.384  0.021  0.189  0.059  0.173  0.078  0.139  0.165  0.083 
2325.441  0.134  0.390  0.023  0.195  0.056  0.172  0.077  0.138  0.166  0.081 
2330.448  0.129  0.389  0.024  0.194  0.056  0.171  0.078  0.141  0.158  0.083 
2335.454  0.126  0.388  0.022  0.194  0.052  0.171  0.076  0.135  0.159  0.080 
2340.460  0.123  0.380  0.020  0.192  0.054  0.173  0.076  0.142  0.162  0.076 
2345.466  0.122  0.387  0.021  0.189  0.050  0.172  0.075  0.140  0.162  0.075 
2350.472  0.117  0.378  0.021  0.184  0.049  0.171  0.071  0.138  0.159  0.076 
2355.479  0.117  0.375  0.023  0.184  0.048  0.171  0.069  0.138  0.159  0.073 
2360.485  0.117  0.379  0.021  0.191  0.047  0.172  0.073  0.137  0.163  0.074 
2365.491  0.113  0.375  0.023  0.194  0.046  0.171  0.073  0.129  0.160  0.068 
2370.497  0.113  0.371  0.017  0.192  0.043  0.175  0.068  0.140  0.164  0.071 
2375.503  0.113  0.369  0.018  0.190  0.043  0.169  0.072  0.139  0.150  0.067 
2380.510  0.106  0.365  0.019  0.184  0.041  0.171  0.070  0.135  0.156  0.066 
2385.516  0.100  0.361  0.021  0.184  0.042  0.169  0.071  0.139  0.162  0.065 
2390.522  0.108  0.366  0.021  0.184  0.041  0.171  0.063  0.136  0.162  0.065 
2395.528  0.101  0.356  0.018  0.177  0.040  0.169  0.067  0.138  0.160  0.065 
2400.534  0.095  0.365  0.018  0.179  0.037  0.166  0.067  0.135  0.159  0.061 
2405.540  0.093  0.351  0.020  0.177  0.037  0.165  0.064  0.133  0.156  0.061 
2410.547  0.086  0.351  0.019  0.176  0.034  0.163  0.069  0.134  0.154  0.059 
2415.553  0.091  0.345  0.019  0.179  0.027  0.167  0.058  0.134  0.154  0.055 
2420.559  0.088  0.349  0.017  0.167  0.037  0.168  0.073  0.140  0.155  0.054 
2425.565  0.084  0.342  0.016  0.172  0.033  0.168  0.063  0.144  0.155  0.054 
2430.571  0.085  0.351  0.018  0.181  0.031  0.159  0.063  0.133  0.148  0.053 
2435.578  0.080  0.332  0.013  0.159  0.029  0.167  0.061  0.151  0.148  0.056 
2440.584  0.081  0.341  0.015  0.168  0.031  0.158  0.058  0.131  0.140  0.047 
2445.590  0.036  0.164  0.005  0.082  0.011  0.076  0.026  0.066  0.069  0.025 
2450.596  0.068  0.334  0.017  0.161  0.030  0.167  0.065  0.139  0.133  0.047 
2455.602  0.075  0.344  0.017  0.159  0.027  0.161  0.057  0.144  0.127  0.043 
2460.609  0.068  0.334  0.016  0.170  0.024  0.156  0.063  0.131  0.123  0.047 
2465.615  0.065  0.336  0.015  0.165  0.025  0.166  0.055  0.139  0.130  0.040 
2470.621  0.070  0.329  0.007  0.154  0.014  0.156  0.054  0.124  0.123  0.038 
2475.627  0.061  0.331  0.007  0.158  0.007  0.156  0.055  0.139  0.123  0.034 
2480.633  0.030  0.102  0.006  0.053  0.003  0.050  0.004  0.047  0.039  0.013 
2485.640  0.018  0.119  0.012  0.056 -0.002  0.050  0.020  0.046  0.061 -0.002 
2490.646  0.030  0.083 -0.002  0.040 -0.002  0.034 -0.000  0.041  0.035  0.011 
2495.652  0.077  0.383  0.002  0.120  0.011  0.172  0.021  0.177  0.111  0.060 
2500.658  0.062  0.290 -0.001  0.151  0.013  0.139  0.044  0.109  0.081  0.044 
2505.664  0.064  0.319 -0.002  0.149 -0.005  0.143 -0.000  0.123  0.097  0.051 
2510.671 -0.000  0.306 -0.009  0.256  0.035  0.102  0.711  0.151  0.207  0.107 