   376.351593   2.978189
   381.360260   3.982677
   386.368927   4.708142
   391.377594   5.854086
   396.386292   6.735516
   401.394958   9.965764
   406.403625  10.955532
   411.412292  11.919425
   416.420959  12.669489
   421.429626  12.988762
   426.438293  12.861845
   431.446960  12.740551
   436.455627  14.594775
   441.464294  15.812986
   446.472992  17.223716
   451.481659  18.460561
   456.490326  18.896940
   461.498993  19.525763
   466.507660  19.514079
   471.516327  19.791656
   476.524994  20.418580
   481.533661  20.812896
   486.542328  19.731771
   491.550995  20.554273
   496.559692  21.114625
   501.568359  20.816460
   506.577026  21.343469
   511.585693  21.502992
   516.594360  20.557504
   521.603027  21.297930
   526.611694  21.858271
   531.620361  22.594205
   536.629028  22.787278
   541.637695  22.690833
   546.646362  23.176917
   551.655029  23.485918
   556.663696  23.480910
   561.672363  23.495452
   566.681030  23.677813
   571.689758  23.808902
   576.698425  24.111625
   581.707092  24.609864
   586.715759  24.253837
   591.724426  23.634228
   596.733093  24.270317
   601.741760  24.597601
   606.750427  24.908420
   611.759094  24.596617
   616.767761  24.391370
   621.776428  24.579057
   626.785095  24.126504
   631.793762  24.074420
   636.802429  24.456675
   641.811096  24.258387
   646.819763  23.891976
   651.828430  23.624174
   656.837097  22.848556
   661.845764  24.158099
   666.854431  24.368815
   671.863098  23.519010
   676.871826  24.264246
   681.880493  23.817616
   686.889160  21.411223
   691.897827  21.196557
   696.906494  22.000910
   701.915161  21.878041
   706.923828  22.422538
   711.932495  22.402178
   716.941162  19.576582
   721.949829  18.431941
   726.958496  18.356692
   731.967163  19.526547
   736.975830  20.976950
   741.984497  21.393381
   746.993164  21.697177
   752.001831  21.498999
   757.010498  19.331978
   762.019165  11.682011
   767.027832  16.615925
   772.036499  20.367105
   777.045227  20.541844
   782.053894  20.359040
   787.062561  19.874286
   792.071228  19.170961
   797.079895  18.969297
   802.088562  18.663768
   807.097229  18.540145
   812.105896  16.980989
   817.114563  14.798432
   822.123230  15.074625
   827.131897  15.698838
   832.140564  15.902063
   837.149231  16.832083
   842.157898  17.306087
   847.166565  17.214382
   852.175232  16.371887
   857.183899  16.554912
   862.192566  16.803083
   867.201233  16.137157
   872.209900  16.517142
   877.218628  16.342147
   882.227295  16.174016
   887.235962  15.973780
   892.244629  15.135210
   897.253296  12.421566
   902.261963  12.022547
   907.270630  12.038324
   912.279297  11.106648
   917.287964  11.256760
   922.296631  12.172976
   927.305298  10.442705
   932.313965   5.549527
   937.322632   4.634904
   942.331299   5.757184
   947.339966   5.462435
   952.348633   5.948277
   957.357300   6.586417
   962.365967   7.743648
   967.374634   9.832562
   972.383301  10.996370
   977.391968  10.859185
   982.400696  12.051077
   987.409363  12.956703
   992.418030  13.250145
   997.426697  13.323987
  1002.435364  13.024607
  1007.444031  12.892045
  1012.452698  12.992227
  1017.461365  12.933005
  1022.470032  12.792904
  1027.478638  12.737491
  1032.487427  12.600309
  1037.496094  12.481689
  1042.504761  12.389262
  1047.513428  12.237729
  1052.522095  12.146204
  1057.530762  11.899274
  1062.539429  11.734191
  1067.548096  11.477429
  1072.556763  11.392322
  1077.565430  11.280218
  1082.574097  10.941198
  1087.582764  10.685038
  1092.591431  10.246519
  1097.600098   9.460829
  1102.608765   8.657327
  1107.617432   7.912024
  1112.626099   6.049680
  1117.634766   3.261476
  1122.643433   2.193348
  1127.652100   2.175149
  1132.660767   2.638438
  1137.669434   3.529410
  1142.678101   3.659802
  1147.686768   2.962020
  1152.695435   3.860480
  1157.704102   5.354100
  1162.712769   6.759498
  1167.721436   7.533705
  1172.730103   7.900386
  1177.738770   7.959876
  1182.747437   7.648022
  1187.756104   7.755139
  1192.764771   8.263199
  1197.773438   7.966655
  1202.782104   7.755519
  1207.790771   8.027548
  1212.799438   8.082770
  1217.808228   8.438550
  1222.816895   8.490515
  1227.825562   8.608454
  1232.834229   8.798010
  1237.842896   8.820051
  1242.851562   8.713444
  1247.860229   8.633767
  1252.868896   8.462437
  1257.877563   8.104939
  1262.886230   7.442576
  1267.894897   6.953457
  1272.903564   7.520851
  1277.912231   7.807913
  1282.920898   7.751871
  1287.929565   7.907762
  1292.938232   7.743467
  1297.946899   7.404459
  1302.955566   6.863509
  1307.964233   6.498346
  1312.972900   5.933015
  1317.981567   5.612340
  1322.990234   5.285924
  1327.998901   4.391703
  1333.007568   3.368212
  1338.016235   3.592895
  1343.024902   2.674336
  1348.033569   0.865425
  1353.042236   0.072113
  1358.050903  -0.026542
  1363.059570  -0.018997
  1368.068237  -0.007216
  1373.076904   0.006058
  1378.085571   0.018702
  1383.094238   0.018223
  1388.102905   0.027671
  1393.111572   0.032446
  1398.120239   0.044027
  1403.128906   0.052304
  1408.137573   0.053920
  1413.146240   0.150386
  1418.154907   0.182457
  1423.163696   0.333405
  1428.172363   0.508688
  1433.181030   0.500447
  1438.189697   0.512907
  1443.198364   0.629516
  1448.207031   0.918908
  1453.215698   1.294778
  1458.224365   1.869727
  1463.233032   1.647608
  1468.241699   1.051963
  1473.250366   1.276942
  1478.259033   1.484890
  1483.267700   1.849566
  1488.276367   2.269219
  1493.285034   3.138987
  1498.293701   3.759605
  1503.302368   3.743276
  1508.311035   4.230652
  1513.319702   4.505919
  1518.328369   4.589616
  1523.337036   4.854274
  1528.345703   4.867002
  1533.354370   4.954791
  1538.363037   4.953884
  1543.371704   4.954272
  1548.380371   4.958198
  1553.389038   4.889301
  1558.397705   4.846446
  1563.406372   4.770330
  1568.415039   4.570252
  1573.423706   4.298023
  1578.432373   4.314347
  1583.441040   4.513210
  1588.449707   4.478167
  1593.458374   4.554405
  1598.467041   4.427049
  1603.475708   4.280306
  1608.484375   4.277669
  1613.493042   4.363331
  1618.501709   4.435060
  1623.510498   4.494450
  1628.519165   4.509850
  1633.527832   4.421252
  1638.536499   4.231062
  1643.545166   4.184375
  1648.553833   4.201490
  1653.562500   4.177458
  1658.571167   4.243321
  1663.579834   4.113460
  1668.588501   4.059277
  1673.597168   4.064076
  1678.605835   4.002382
  1683.614502   3.963532
  1688.623169   3.912812
  1693.631836   3.875410
  1698.640503   3.782302
  1703.649170   3.756655
  1708.657837   3.590267
  1713.666504   3.576789
  1718.675171   3.583268
  1723.683838   3.293613
  1728.692505   3.345009
  1733.701172   3.104394
  1738.709839   3.066533
  1743.718506   2.992960
  1748.727173   2.953078
  1753.735840   2.959116
  1758.744507   2.858234
  1763.753174   2.590539
  1768.761841   2.493292
  1773.770508   2.205061
  1778.779175   1.859335
  1783.787842   1.639417
  1788.796509   1.602910
  1793.805176   0.994109
  1798.813843   0.771414
  1803.822510   0.328648
  1808.831177   0.244577
  1813.839844   0.105689
  1818.848511   0.042281
  1823.857178   0.043752
  1828.865967   0.010132
  1833.874634   0.007219
  1838.883301   0.009404
  1843.891968   0.011743
  1848.900635   0.012941
  1853.909302   0.013447
  1858.917969   0.014100
  1863.926636   0.014756
  1868.935303   0.014526
  1873.943970   0.014187
  1878.952637   0.014644
  1883.961304   0.015623
  1888.969971   0.017440
  1893.978638   0.016651
  1898.987305   0.013951
  1903.995972   0.011655
  1909.004639   0.011028
  1914.013306   0.011643
  1919.021973   0.015914
  1924.030640   0.025807
  1929.039307   0.019596
  1934.047974   0.045280
  1939.056641   0.063475
  1944.065308   0.135149
  1949.073975   0.166048
  1954.082642   0.162348
  1959.091309   0.206874
  1964.099976   0.406031
  1969.108643   0.723840
  1974.117310   0.864899
  1979.125977   1.033868
  1984.134644   1.211526
  1989.143311   1.161686
  1994.151978   1.086585
  1999.160645   0.537398
  2004.169312   0.235770
  2009.177979   0.401393
  2014.186768   0.351478
  2019.195435   0.512300
  2024.204102   0.892505
  2029.212769   1.133310
  2034.221436   1.315389
  2039.230103   1.302057
  2044.238770   1.247974
  2049.247314   1.030700
  2054.256104   0.803154
  2059.264648   0.916743
  2064.273438   0.881382
  2069.281982   0.896712
  2074.290771   1.033452
  2079.299316   1.172330
  2084.308105   1.176378
  2089.316650   1.195805
  2094.325439   1.191062
  2099.333984   1.149779
  2104.342773   1.155635
  2109.351318   1.145447
  2114.360107   1.126493
  2119.368896   1.089013
  2124.377441   1.100043
  2129.386230   1.128781
  2134.394775   1.137880
  2139.403564   1.132358
  2144.412109   1.120851
  2149.420898   1.068962
  2154.429443   1.049526
  2159.438232   1.037971
  2164.446777   0.974735
  2169.455566   1.010090
  2174.464111   1.011558
  2179.472900   0.995581
  2184.481445   0.939575
  2189.490234   0.981028
  2194.498779   0.968152
  2199.507568   0.901568
  2204.516113   0.911918
  2209.524902   0.967014
  2214.533447   0.983966
  2219.542236   1.002349
  2224.550781   1.000679
  2229.559570   1.013550
  2234.568115   0.999910
  2239.576904   0.988888
  2244.585449   0.973766
  2249.594238   0.975708
  2254.602783   0.956034
  2259.611572   0.935952
  2264.620117   0.917951
  2269.628906   0.919908
  2274.637451   0.920003
  2279.646240   0.911774
  2284.654785   0.895673
  2289.663574   0.874105
  2294.672119   0.822931
  2299.680908   0.830166
  2304.689453   0.842761
  2309.698242   0.877395
  2314.706787   0.811731
  2319.715576   0.717232
  2324.724365   0.766337
  2329.732910   0.793990
  2334.741699   0.768409
  2339.750244   0.671757
  2344.759033   0.665735
  2349.767578   0.579593
  2354.776367   0.600356
  2359.784912   0.670761
  2364.793701   0.646918
  2369.802246   0.500646
  2374.811035   0.529060
  2379.819580   0.491797
  2384.828369   0.433051
  2389.836914   0.484095
  2394.845703   0.510123
  2399.854248   0.520744
  2404.863037   0.435682
  2409.871582   0.394392
  2414.880371   0.301132
  2419.888916   0.319689
  2424.897705   0.406681
  2429.906250   0.447769
  2434.915039   0.268245
  2439.923584   0.400948
  2444.932373   0.255694
  2449.940918   0.154275
  2454.949707   0.265584
  2459.958252   0.327793
  2464.967041   0.245607
  2469.975586   0.187088
  2474.984375   0.154103
  2479.992920   0.094106
  2485.001709   0.046942
  2490.010254   0.034206
  2495.019043   0.043145
  2500.027588   0.080191
