  0 0.3763515978  0.0055726000 
  1 0.3813602678  0.0055759500
  2 0.3863689378  0.0055792700
  3 0.3913776078  0.0055825500
  4 0.3963862778  0.0055857900
  5 0.4013949478  0.0055889900
  6 0.4064036178  0.0055921600
  7 0.4114122878  0.0055952900
  8 0.4164209578  0.0055983900
  9 0.4214296278  0.0056014400
 10 0.4264382978  0.0056044600
 11 0.4314469678  0.0056074500
 12 0.4364556378  0.0056104000
 13 0.4414643078  0.0056133200
 14 0.4464729778  0.0056161900
 15 0.4514816478  0.0056190400
 16 0.4564903178  0.0056218500
 17 0.4614989878  0.0056246300
 18 0.4665076578  0.0056273700
 19 0.4715163278  0.0056300800
 20 0.4765249978  0.0056327500
 21 0.4815336678  0.0056354000
 22 0.4865423378  0.0056380100
 23 0.4915510078  0.0056405800
 24 0.4965596778  0.0056431300
 25 0.5015683478  0.0056456400
 26 0.5065770178  0.0056481200
 27 0.5115856878  0.0056505700
 28 0.5165943578  0.0056529900
 29 0.5216030278  0.0056553700
 30 0.5266116978  0.0056577300
 31 0.5316203678  0.0056600500
 32 0.5366290378  0.0056623500
 33 0.5416377078  0.0056646100
 34 0.5466463778  0.0056668400
 35 0.5516550478  0.0056690500
 36 0.5566637178  0.0056712200
 37 0.5616723878  0.0056733700
 38 0.5666810578  0.0056754900
 39 0.5716897278  0.0056775800
 40 0.5766983978  0.0056796400
 41 0.5817070678  0.0056816700
 42 0.5867157378  0.0056836700
 43 0.5917244078  0.0056856500
 44 0.5967330778  0.0056876000
 45 0.6017417478  0.0056895200
 46 0.6067504178  0.0056914100
 47 0.6117590878  0.0056932800
 48 0.6167677578  0.0056951200
 49 0.6217764278  0.0056969400
 50 0.6267850978  0.0056987300
 51 0.6317937678  0.0057004900
 52 0.6368024378  0.0057022300
 53 0.6418111078  0.0057039400
 54 0.6468197778  0.0057056300
 55 0.6518284478  0.0057072900
 56 0.6568371178  0.0057089300
 57 0.6618457878  0.0057105500
 58 0.6668544578  0.0057121400
 59 0.6718631278  0.0057137000
 60 0.6768717978  0.0057152400
 61 0.6818804678  0.0057167600
 62 0.6868891378  0.0057182600
 63 0.6918978078  0.0057197300
 64 0.6969064778  0.0057211800
 65 0.7019151478  0.0057226100
 66 0.7069238178  0.0057240100
 67 0.7119324878  0.0057253900
 68 0.7169411578  0.0057267600
 69 0.7219498278  0.0057280900
 70 0.7269584978  0.0057294100
 71 0.7319671678  0.0057307100
 72 0.7369758378  0.0057319800
 73 0.7419845078  0.0057332400
 74 0.7469931778  0.0057344700
 75 0.7520018478  0.0057356900
 76 0.7570105178  0.0057368800
 77 0.7620191878  0.0057380600
 78 0.7670278578  0.0057392100
 79 0.7720365278  0.0057403400
 80 0.7770451978  0.0057414600
 81 0.7820538678  0.0057425600
 82 0.7870625378  0.0057436300
 83 0.7920712078  0.0057446900
 84 0.7970798778  0.0057457300
 85 0.8020885478  0.0057467600
 86 0.8070972178  0.0057477600
 87 0.8121058878  0.0057487500
 88 0.8171145578  0.0057497200
 89 0.8221232278  0.0057506700
 90 0.8271318978  0.0057516000
 91 0.8321405678  0.0057525200
 92 0.8371492378  0.0057534200
 93 0.8421579078  0.0057543100
 94 0.8471665778  0.0057551800
 95 0.8521752478  0.0057560300
 96 0.8571839178  0.0057568700
 97 0.8621925878  0.0057576900
 98 0.8672012578  0.0057584900
 99 0.8722099278  0.0057592800
100 0.8772185978  0.0057600600
101 0.8822272678  0.0057608200
102 0.8872359378  0.0057615600
103 0.8922446078  0.0057622900
104 0.8972532778  0.0057630100
105 0.9022619478  0.0057637100
106 0.9072706178  0.0057644000
107 0.9122792878  0.0057650700
108 0.9172879578  0.0057657300
109 0.9222966278  0.0057663800
110 0.9273052978  0.0057670200
111 0.9323139678  0.0057676400
112 0.9373226378  0.0057682500
113 0.9423313078  0.0057688400
114 0.9473399778  0.0057694300
115 0.9523486478  0.0057700000
116 0.9573573178  0.0057705600
117 0.9623659878  0.0057711100
118 0.9673746578  0.0057716400
119 0.9723833278  0.0057721700
120 0.9773919978  0.0057726800
121 0.9824006678  0.0057731900
122 0.9874093378  0.0057736800
123 0.9924180078  0.0057741600
124 0.9974266778  0.0057746300
125 1.0024353478  0.0057750900
126 1.0074440178  0.0057755400
127 1.0124526878  0.0057759800
128 1.0174613578  0.0057764100
129 1.0224700278  0.0057768300
130 1.0274786978  0.0057772500
131 1.0324873678  0.0057776500
132 1.0374960378  0.0057780400
133 1.0425047078  0.0057784300
134 1.0475133778  0.0057788000
135 1.0525220478  0.0057791700
136 1.0575307178  0.0057795300
137 1.0625393878  0.0057798800
138 1.0675480578  0.0057802200
139 1.0725567278  0.0057805600
140 1.0775653978  0.0057808800
141 1.0825740778  0.0057812000
142 1.0875827478  0.0057815100
143 1.0925914078  0.0057818200
144 1.0976000778  0.0057821200
145 1.1026087478  0.0057824100
146 1.1076174278  0.0057826900
147 1.1126260878  0.0057829700
148 1.1176347678  0.0057832400
149 1.1226434278  0.0057835100
150 1.1276520978  0.0057837700
151 1.1326607678  0.0057840200
152 1.1376694478  0.0057842700
153 1.1426781078  0.0057845200
154 1.1476867778  0.0057847500
155 1.1526954478  0.0057849900
156 1.1577041278  0.0057852100
157 1.1627127878  0.0057854300
158 1.1677214678  0.0057856500
159 1.1727301378  0.0057858700
160 1.1777388078  0.0057860700
161 1.1827474778  0.0057862800
162 1.1877561478  0.0057864800
163 1.1927648178  0.0057866800
164 1.1977734878  0.0057868700
165 1.2027821578  0.0057870600
166 1.2077908278  0.0057872400
167 1.2127994978  0.0057874300
168 1.2178081678  0.0057876100
169 1.2228168378  0.0057877800
170 1.2278255078  0.0057879600
171 1.2328341778  0.0057881300
172 1.2378428478  0.0057883000
173 1.2428515178  0.0057884600
174 1.2478601878  0.0057886200
175 1.2528688578  0.0057887900
176 1.2578775278  0.0057889500
177 1.2628861978  0.0057891000
178 1.2678948678  0.0057892600
179 1.2729035378  0.0057894100
180 1.2779122078  0.0057895700
181 1.2829208778  0.0057897200
182 1.2879295478  0.0057898700
183 1.2929382178  0.0057900200
184 1.2979468878  0.0057901700
185 1.3029555578  0.0057903200
186 1.3079642278  0.0057904600
187 1.3129728978  0.0057906100
188 1.3179815678  0.0057907600
189 1.3229902378  0.0057909100
190 1.3279989078  0.0057910500
191 1.3330075778  0.0057912000
192 1.3380162478  0.0057913500
193 1.3430249178  0.0057915000
194 1.3480335878  0.0057916400
195 1.3530422578  0.0057917900
196 1.3580509278  0.0057919400
197 1.3630595978  0.0057920900
198 1.3680682678  0.0057922400
199 1.3730769378  0.0057924000
200 1.3780856078  0.0057925500
201 1.3830942778  0.0057927100
202 1.3881029478  0.0057928600
203 1.3931116178  0.0057930200
204 1.3981202878  0.0057931800
205 1.4031289578  0.0057933500
206 1.4081376278  0.0057935100
207 1.4131462978  0.0057936800
208 1.4181549678  0.0057938500
209 1.4231636378  0.0057940200
210 1.4281723078  0.0057941900
211 1.4331809778  0.0057943700
212 1.4381896478  0.0057945500
213 1.4431983178  0.0057947300
214 1.4482069878  0.0057949200
215 1.4532156578  0.0057951100
216 1.4582243278  0.0057953000
217 1.4632329978  0.0057955000
218 1.4682416678  0.0057957000
219 1.4732503378  0.0057959000
220 1.4782590078  0.0057961000
221 1.4832676778  0.0057963100
222 1.4882763478  0.0057965300
223 1.4932850178  0.0057967500
224 1.4982936878  0.0057969700
225 1.5033023578  0.0057972000
226 1.5083110278  0.0057974300
227 1.5133196978  0.0057976600
228 1.5183283678  0.0057979000
229 1.5233370378  0.0057981500
230 1.5283457078  0.0057984000
231 1.5333543778  0.0057986500
232 1.5383630478  0.0057989100
233 1.5433717178  0.0057991800
234 1.5483803878  0.0057994500
235 1.5533890578  0.0057997200
236 1.5583977278  0.0058000100
237 1.5634063978  0.0058002900
238 1.5684150678  0.0058005800
239 1.5734237378  0.0058008800
240 1.5784324078  0.0058011900
241 1.5834410778  0.0058015000
242 1.5884497478  0.0058018100
243 1.5934584178  0.0058021300
244 1.5984670878  0.0058024600
245 1.6034757578  0.0058028000
246 1.6084844278  0.0058031400
247 1.6134930978  0.0058034900
248 1.6185017678  0.0058038400
249 1.6235104378  0.0058042000
250 1.6285191078  0.0058045700
251 1.6335277778  0.0058049400
252 1.6385364478  0.0058053200
253 1.6435451178  0.0058057100
254 1.6485537878  0.0058061100
255 1.6535624578  0.0058065100
256 1.6585711278  0.0058069200
257 1.6635797978  0.0058073400
258 1.6685884678  0.0058077700
259 1.6735971378  0.0058082000
260 1.6786058078  0.0058086400
261 1.6836144778  0.0058090900
262 1.6886231478  0.0058095500
263 1.6936318178  0.0058100100
264 1.6986404878  0.0058104800
265 1.7036491578  0.0058109600
266 1.7086578278  0.0058114500
267 1.7136664978  0.0058119500
268 1.7186751678  0.0058124600
269 1.7236838378  0.0058129700
270 1.7286925078  0.0058134900
271 1.7337011778  0.0058140200
272 1.7387098478  0.0058145600
273 1.7437185178  0.0058151100
274 1.7487271878  0.0058156700
275 1.7537358578  0.0058162300
276 1.7587445278  0.0058168100
277 1.7637531978  0.0058173900
278 1.7687618678  0.0058179900
279 1.7737705378  0.0058185900
280 1.7787792078  0.0058192000
281 1.7837878778  0.0058198200
282 1.7887965478  0.0058204500
283 1.7938052178  0.0058210900
284 1.7988138878  0.0058217400
285 1.8038225578  0.0058224000
286 1.8088312278  0.0058230700
287 1.8138398978  0.0058237400
288 1.8188485678  0.0058244300
289 1.8238572378  0.0058251300
290 1.8288659078  0.0058258400
291 1.8338745778  0.0058265600
292 1.8388832478  0.0058272800
293 1.8438919178  0.0058280200
294 1.8489005878  0.0058287700
295 1.8539092578  0.0058295300
296 1.8589179278  0.0058303000
297 1.8639265978  0.0058310800
298 1.8689352678  0.0058318600
299 1.8739439378  0.0058326600
300 1.8789526078  0.0058334700
301 1.8839612778  0.0058343000
302 1.8889699478  0.0058351300
303 1.8939786178  0.0058359700
304 1.8989872878  0.0058368200
305 1.9039959578  0.0058376900
306 1.9090046278  0.0058385600
307 1.9140132978  0.0058394400
308 1.9190219778  0.0058403400
309 1.9240306378  0.0058412500
310 1.9290393178  0.0058421700
311 1.9340479778  0.0058431000
312 1.9390566478  0.0058440400
313 1.9440653278  0.0058449900
314 1.9490739978  0.0058459500
315 1.9540826578  0.0058469200
316 1.9590913278  0.0058479100
317 1.9641000078  0.0058489100
318 1.9691086778  0.0058499200
319 1.9741173378  0.0058509300
320 1.9791260078  0.0058519700
321 1.9841346778  0.0058530100
322 1.9891433578  0.0058540600
323 1.9941520178  0.0058551300
324 1.9991606878  0.0058562100
325 2.0041693678  0.0058572900
326 2.0091780378  0.0058584000
327 2.0141867078  0.0058595100
328 2.0191953778  0.0058606300
329 2.0242040478  0.0058617700
330 2.0292127178  0.0058629200
331 2.0342213878  0.0058640800
332 2.0392300578  0.0058652500
333 2.0442387278  0.0058664300
334 2.0492473978  0.0058676300
335 2.0542560678  0.0058688400
336 2.0592647378  0.0058700500
337 2.0642734078  0.0058712900
338 2.0692820778  0.0058725300
339 2.0742907478  0.0058737900
340 2.0792994178  0.0058750600
341 2.0843080878  0.0058763400
342 2.0893167578  0.0058776300
343 2.0943254278  0.0058789300
344 2.0993340978  0.0058802500
345 2.1043427678  0.0058815800
346 2.1093514378  0.0058829200
347 2.1143601078  0.0058842800
348 2.1193687778  0.0058856400
349 2.1243774478  0.0058870200
350 2.1293861178  0.0058884100
351 2.1343947878  0.0058898200
352 2.1394034578  0.0058912300
353 2.1444121278  0.0058926600
354 2.1494207978  0.0058941000
355 2.1544294678  0.0058955600
356 2.1594381378  0.0058970200
357 2.1644468078  0.0058985000
358 2.1694554778  0.0058999900
359 2.1744641478  0.0059014900
360 2.1794728178  0.0059030100
361 2.1844814878  0.0059045400
362 2.1894901578  0.0059060800
363 2.1944988278  0.0059076300
364 2.1995074978  0.0059092000
365 2.2045161678  0.0059107800
366 2.2095248378  0.0059123700
367 2.2145335078  0.0059139800
368 2.2195421778  0.0059155900
369 2.2245508478  0.0059172200
370 2.2295595178  0.0059188600
371 2.2345681878  0.0059205200
372 2.2395768578  0.0059221900
373 2.2445855278  0.0059238700
374 2.2495941978  0.0059255600
375 2.2546028678  0.0059272700
376 2.2596115378  0.0059289800
377 2.2646202078  0.0059307100
378 2.2696288778  0.0059324600
379 2.2746375478  0.0059342100
380 2.2796462178  0.0059359800
381 2.2846548878  0.0059377600
382 2.2896635578  0.0059395600
383 2.2946722278  0.0059413700
384 2.2996808978  0.0059431900
385 2.3046895678  0.0059450200
386 2.3096982378  0.0059468600
387 2.3147069078  0.0059487200
388 2.3197155778  0.0059505900
389 2.3247242478  0.0059524700
390 2.3297329178  0.0059543700
391 2.3347415878  0.0059562800
392 2.3397502578  0.0059582000
393 2.3447589278  0.0059601300
394 2.3497675978  0.0059620700
395 2.3547762678  0.0059640300
396 2.3597849378  0.0059660000
397 2.3647936078  0.0059679900
398 2.3698022778  0.0059699800
399 2.3748109478  0.0059719900
400 2.3798196178  0.0059740100
401 2.3848282878  0.0059760400
402 2.3898369578  0.0059780900
403 2.3948456278  0.0059801500
404 2.3998542978  0.0059822200
405 2.4048629678  0.0059843000
406 2.4098716378  0.0059863900
407 2.4148803078  0.0059885000
408 2.4198889778  0.0059906200
409 2.4248976478  0.0059927500
410 2.4299063178  0.0059949000
411 2.4349149878  0.0059970600
412 2.4399236578  0.0059992200
413 2.4449323278  0.0060014100
414 2.4499409978  0.0060036000
415 2.4549496678  0.0060058000
416 2.4599583378  0.0060080200
417 2.4649670078  0.0060102500
418 2.4699756778  0.0060124900
419 2.4749843478  0.0060147500
420 2.4799930178  0.0060170100
421 2.4850016878  0.0060192900
422 2.4900103578  0.0060215800
423 2.4950190278  0.0060238800
424 2.5000276978  0.0060261900
