0.017367
0.018328
0.023544
0.026783
0.028996
0.039965
0.064164
0.088984
0.105733
0.111107
0.118682
0.118227
0.128060
0.130710
0.136854
0.143295
0.152876
0.159555
0.161204
0.167250
0.173493
0.177641
0.182982
0.190192
0.191460
0.195636
0.197700
0.206172
0.210700
0.213270
0.218652
0.224061
0.226046
0.233819
0.245064
0.246785
0.255252
0.261708
0.267590
0.271541
0.278682
0.288065
0.294568
0.298099
0.304628
0.305057
0.312300
0.320987
0.321379
0.313215
0.324971
0.340301
0.346558
0.352724
0.355527
0.351319
0.350062
0.354380
0.365111
0.369114
0.361320
0.362567
0.373759
0.385473
0.392483
0.398426
0.402206
0.399809
0.357122
0.352954
0.369442
0.370800
0.386101
0.393226
0.323930
0.300081
0.297938
0.336734
0.385089
0.414066
0.425913
0.425551
0.380883
0.221663
0.343373
0.429145
0.434131
0.433631
0.419664
0.412242
0.408667
0.405747
0.409054
0.354148
0.298321
0.318949
0.336546
0.352925
0.393255
0.414561
0.425800
0.428406
0.424885
0.429798
0.434806
0.424730
0.421249
0.418599
0.413202
0.378231
0.281580
0.278285
0.273468
0.241394
0.250078
0.290009
0.222497
0.086066
0.073430
0.094017
0.089711
0.103117
0.123847
0.160903
0.238755
0.282104
0.283763
0.338675
0.389099
0.411432
0.422971
0.420637
0.421826
0.428432
0.435240
0.432953
0.436203
0.438384
0.439726
0.441454
0.442417
0.439368
0.434313
0.428734
0.422599
0.422424
0.413979
0.401079
0.385341
0.367670
0.322432
0.273856
0.234813
0.158524
0.065984
0.037393
0.038319
0.050467
0.074610
0.074125
0.061086
0.085386
0.145718
0.218305
0.263078
0.292660
0.305603
0.291353
0.303987
0.335859
0.330075
0.324840
0.349656
0.352424
0.379823
0.391885
0.411211
0.432308
0.444362
0.445239
0.444698
0.438445
0.416331
0.380834
0.353974
0.391232
0.415659
0.432740
0.425884
0.411988
0.387781
0.359539
0.322772
0.282379
0.260692
0.233343
0.173703
0.117973
0.126309
0.080689
0.017882
0.005244
0.003996
0.003703
0.003827
0.003362
0.002949
0.003002
0.002916
0.002830
0.003177
0.003043
0.003068
0.003752
0.003830
0.005938
0.009647
0.008983
0.008674
0.012081
0.022334
0.036931
0.052047
0.055505
0.029470
0.046322
0.052430
0.071907
0.110107
0.178757
0.248992
0.269131
0.325238
0.357106
0.376643
0.422823
0.431749
0.457645
0.469126
0.475046
0.489759
0.492092
0.492211
0.486697
0.464077
0.442582
0.448273
0.468918
0.485462
0.484343
0.467820
0.454231
0.460295
0.480485
0.496727
0.502037
0.502869
0.499025
0.492195
0.487510
0.485929
0.485686
0.497236
0.482950
0.483489
0.491959
0.495828
0.495694
0.482000
0.474506
0.467078
0.472359
0.448441
0.449090
0.457006
0.405731
0.421179
0.399260
0.388738
0.373421
0.371241
0.364450
0.352890
0.303610
0.276512
0.232420
0.180424
0.146147
0.141309
0.058146
0.044860
0.014104
0.008469
0.004903
0.004171
0.003387
0.003215
0.003519
0.003975
0.002461
0.003020
0.002835
0.002833
0.003152
0.002810
0.002900
0.002950
0.002285
0.002415
0.002926
0.002841
0.002739
0.003416
0.002830
0.002858
0.003546
0.002886
0.002799
0.004466
0.006970
0.010903
0.010055
0.016472
0.043919
0.101861
0.129489
0.172420
0.218630
0.213637
0.208730
0.091389
0.042353
0.081850
0.067070
0.108910
0.220512
0.291098
0.374215
0.369531
0.355191
0.295720
0.225481
0.269236
0.262654
0.272455
0.331360
0.396631
0.407321
0.426550
0.438766
0.424126
0.449368
0.455687
0.450230
0.438638
0.453469
0.469800
0.476673
0.475831
0.474724
0.432584
0.420435
0.424560
0.417124
0.425954
0.408148
0.410078
0.366366
0.392798
0.375874
0.343564
0.355074
0.382764
0.385696
0.395478
0.395248
0.402857
0.396269
0.395158
0.385271
0.388633
0.383674
0.378590
0.372479
0.368663
0.370557
0.372453
0.362094
0.342688
0.318853
0.324582
0.334167
0.348238
0.317611
0.267711
0.299338
0.314253
0.300243
0.240681
0.237777
0.195767
0.217173
0.252104
0.229431
0.165712
0.179806
0.151397
0.129240
0.151826
0.168207
0.172885
0.128730
0.110383
0.072482
0.083219
0.118038
0.137398
0.071164
0.122633
0.063220
0.031143
0.067483
0.086951
0.052194
0.035521
0.027281
0.016346
0.007481
0.008011
0.010729
0.013113
0.011837
