0.016536
0.017903
0.026590
0.028183
0.031872
0.042534
0.065890
0.087857
0.106500
0.113959
0.118244
0.118630
0.126872
0.129771
0.136391
0.142126
0.150960
0.158071
0.158776
0.164099
0.169103
0.174375
0.178685
0.186025
0.188020
0.191404
0.193297
0.200279
0.204792
0.208048
0.213169
0.218953
0.218754
0.227148
0.238898
0.241023
0.248868
0.254846
0.262096
0.267222
0.274370
0.283543
0.290699
0.294803
0.301312
0.301036
0.309783
0.319133
0.321182
0.313123
0.325557
0.340620
0.347040
0.353287
0.356980
0.358727
0.353079
0.356969
0.366784
0.373377
0.365109
0.367782
0.378274
0.390640
0.398238
0.403066
0.406567
0.404839
0.363358
0.356301
0.375835
0.378855
0.395256
0.402222
0.334661
0.311246
0.306431
0.345091
0.394691
0.423903
0.435813
0.437781
0.390510
0.229458
0.354762
0.438734
0.446065
0.448256
0.431065
0.423525
0.419695
0.416753
0.419753
0.363639
0.308367
0.328678
0.345605
0.362518
0.399067
0.424698
0.436179
0.440986
0.438070
0.439809
0.443294
0.435515
0.432157
0.431989
0.425309
0.387342
0.290506
0.289288
0.282296
0.251043
0.258771
0.300859
0.227883
0.093600
0.077082
0.099574
0.093991
0.106590
0.129098
0.167650
0.248733
0.290806
0.294185
0.348410
0.400981
0.424995
0.436626
0.433597
0.438091
0.443625
0.449663
0.448688
0.450611
0.453776
0.455257
0.458872
0.456209
0.455838
0.448853
0.444915
0.439377
0.437757
0.429642
0.416820
0.401846
0.381167
0.337028
0.287244
0.246643
0.167895
0.070586
0.039916
0.040694
0.053986
0.080818
0.078498
0.064960
0.091337
0.152369
0.229706
0.275213
0.305912
0.320498
0.305792
0.318101
0.351350
0.343792
0.339743
0.364799
0.366354
0.397342
0.410140
0.428121
0.450058
0.463824
0.463846
0.462795
0.456288
0.432964
0.394547
0.370024
0.406319
0.432397
0.449076
0.442490
0.428677
0.403189
0.374670
0.336260
0.295614
0.272790
0.244918
0.182350
0.124481
0.133467
0.082135
0.018881
0.004951
0.004083
0.003877
0.003300
0.002979
0.002959
0.002849
0.002746
0.002971
0.002674
0.002839
0.002693
0.003602
0.003653
0.005783
0.009353
0.009119
0.009130
0.011764
0.023539
0.038266
0.062734
0.058062
0.032074
0.048822
0.055124
0.076035
0.114249
0.184728
0.258455
0.277544
0.334194
0.366544
0.388658
0.432517
0.443193
0.468641
0.480277
0.486147
0.500263
0.505560
0.504182
0.498485
0.476278
0.453145
0.459486
0.482047
0.497834
0.495482
0.478005
0.466449
0.471339
0.492973
0.508836
0.513330
0.515275
0.509265
0.501983
0.500566
0.497160
0.495917
0.509707
0.493093
0.492210
0.500896
0.505420
0.504559
0.492630
0.484397
0.476481
0.480054
0.458914
0.458974
0.465060
0.412502
0.429357
0.408278
0.396100
0.379368
0.379674
0.372046
0.360274
0.308751
0.282950
0.236092
0.186557
0.150970
0.144775
0.058787
0.046762
0.014529
0.008762
0.005737
0.003911
0.003986
0.003321
0.003795
0.003306
0.003152
0.002994
0.003058
0.003202
0.003152
0.002849
0.003137
0.002875
0.002458
0.002882
0.002501
0.002848
0.003174
0.002667
0.002501
0.002703
0.003431
0.002674
0.003467
0.004418
0.006939
0.009630
0.010724
0.015193
0.044074
0.101931
0.129441
0.171905
0.219738
0.215324
0.207920
0.093922
0.042526
0.082669
0.066973
0.110398
0.225143
0.294824
0.377031
0.368832
0.357397
0.299174
0.223781
0.270486
0.264040
0.274284
0.333106
0.397243
0.408392
0.429168
0.440992
0.427692
0.453689
0.457001
0.450633
0.440945
0.455816
0.470615
0.481120
0.479090
0.473602
0.433731
0.424746
0.425438
0.417236
0.428242
0.410587
0.407283
0.367103
0.392599
0.376790
0.341839
0.353823
0.382142
0.381859
0.393592
0.392893
0.401649
0.393138
0.393202
0.382686
0.388661
0.379193
0.375080
0.371025
0.368079
0.369712
0.370114
0.359754
0.345702
0.316601
0.323550
0.332907
0.350930
0.318723
0.268751
0.297684
0.313022
0.300651
0.239234
0.235988
0.196823
0.215647
0.251196
0.230873
0.165379
0.178581
0.151183
0.125979
0.152122
0.164772
0.171128
0.124928
0.111086
0.073749
0.083335
0.116476
0.138297
0.069946
0.122167
0.060606
0.031702
0.068689
0.085523
0.052950
0.031593
0.026752
0.014928
0.011148
0.008712
0.009306
0.013188
0.011748
