0346.2995778
0351.3082478
0356.3169178
0361.3255878
0366.3342578
0371.3429278
0376.3515978
0381.3602678
0386.3689378
0391.3776078
0396.3862778
0401.3949478
0406.4036178
0411.4122878
0416.4209578
0421.4296278
0426.4382978
0431.4469678
0436.4556378
0441.4643078
0446.4729778
0451.4816478
0456.4903178
0461.4989878
0466.5076578
0471.5163278
0476.5249978
0481.5336678
0486.5423378
0491.5510078
0496.5596778
0501.5683478
0506.5770178
0511.5856878
0516.5943578
0521.6030278
0526.6116978
0531.6203678
0536.6290378
0541.6377078
0546.6463778
0551.6550478
0556.6637178
0561.6723878
0566.6810578
0571.6897278
0576.6983978
0581.7070678
0586.7157378
0591.7244078
0596.7330778
0601.7417478
0606.7504178
0611.7590878
0616.7677578
0621.7764278
0626.7850978
0631.7937678
0636.8024378
0641.8111078
0646.8197778
0651.8284478
0656.8371178
0661.8457878
0666.8544578
0671.8631278
0676.8717978
0681.8804678
0686.8891378
0691.8978078
0696.9064778
0701.9151478
0706.9238178
0711.9324878
0716.9411578
0721.9498278
0726.9584978
0731.9671678
0736.9758378
0741.9845078
0746.9931778
0752.0018478
0757.0105178
0762.0191878
0767.0278578
0772.0365278
0777.0451978
0782.0538678
0787.0625378
0792.0712078
0797.0798778
0802.0885478
0807.0972178
0812.1058878
0817.1145578
0822.1232278
0827.1318978
0832.1405678
0837.1492378
0842.1579078
0847.1665778
0852.1752478
0857.1839178
0862.1925878
0867.2012578
0872.2099278
0877.2185978
0882.2272678
0887.2359378
0892.2446078
0897.2532778
0902.2619478
0907.2706178
0912.2792878
0917.2879578
0922.2966278
0927.3052978
0932.3139678
0937.3226378
0942.3313078
0947.3399778
0952.3486478
0957.3573178
0962.3659878
0967.3746578
0972.3833278
0977.3919978
0982.4006678
0987.4093378
0992.4180078
0997.4266778
1002.4353478
1007.4440178
1012.4526878
1017.4613578
1022.4700278
1027.4786978
1032.4873678
1037.4960378
1042.5047078
1047.5133778
1052.5220478
1057.5307178
1062.5393878
1067.5480578
1072.5567278
1077.5653978
1082.5740778
1087.5827478
1092.5914078
1097.6000778
1102.6087478
1107.6174278
1112.6260878
1117.6347678
1122.6434278
1127.6520978
1132.6607678
1137.6694478
1142.6781078
1147.6867778
1152.6954478
1157.7041278
1162.7127878
1167.7214678
1172.7301378
1177.7388078
1182.7474778
1187.7561478
1192.7648178
1197.7734878
1202.7821578
1207.7908278
1212.7994978
1217.8081678
1222.8168378
1227.8255078
1232.8341778
1237.8428478
1242.8515178
1247.8601878
1252.8688578
1257.8775278
1262.8861978
1267.8948678
1272.9035378
1277.9122078
1282.9208778
1287.9295478
1292.9382178
1297.9468878
1302.9555578
1307.9642278
1312.9728978
1317.9815678
1322.9902378
1327.9989078
1333.0075778
1338.0162478
1343.0249178
1348.0335878
1353.0422578
1358.0509278
1363.0595978
1368.0682678
1373.0769378
1378.0856078
1383.0942778
1388.1029478
1393.1116178
1398.1202878
1403.1289578
1408.1376278
1413.1462978
1418.1549678
1423.1636378
1428.1723078
1433.1809778
1438.1896478
1443.1983178
1448.2069878
1453.2156578
1458.2243278
1463.2329978
1468.2416678
1473.2503378
1478.2590078
1483.2676778
1488.2763478
1493.2850178
1498.2936878
1503.3023578
1508.3110278
1513.3196978
1518.3283678
1523.3370378
1528.3457078
1533.3543778
1538.3630478
1543.3717178
1548.3803878
1553.3890578
1558.3977278
1563.4063978
1568.4150678
1573.4237378
1578.4324078
1583.4410778
1588.4497478
1593.4584178
1598.4670878
1603.4757578
1608.4844278
1613.4930978
1618.5017678
1623.5104378
1628.5191078
1633.5277778
1638.5364478
1643.5451178
1648.5537878
1653.5624578
1658.5711278
1663.5797978
1668.5884678
1673.5971378
1678.6058078
1683.6144778
1688.6231478
1693.6318178
1698.6404878
1703.6491578
1708.6578278
1713.6664978
1718.6751678
1723.6838378
1728.6925078
1733.7011778
1738.7098478
1743.7185178
1748.7271878
1753.7358578
1758.7445278
1763.7531978
1768.7618678
1773.7705378
1778.7792078
1783.7878778
1788.7965478
1793.8052178
1798.8138878
1803.8225578
1808.8312278
1813.8398978
1818.8485678
1823.8572378
1828.8659078
1833.8745778
1838.8832478
1843.8919178
1848.9005878
1853.9092578
1858.9179278
1863.9265978
1868.9352678
1873.9439378
1878.9526078
1883.9612778
1888.9699478
1893.9786178
1898.9872878
1903.9959578
1909.0046278
1914.0132978
1919.0219778
1924.0306378
1929.0393178
1934.0479778
1939.0566478
1944.0653278
1949.0739978
1954.0826578
1959.0913278
1964.1000078
1969.1086778
1974.1173378
1979.1260078
1984.1346778
1989.1433578
1994.1520178
1999.1606878
2004.1693678
2009.1780378
2014.1867078
2019.1953778
2024.2040478
2029.2127178
2034.2213878
2039.2300578
2044.2387278
2049.2473978
2054.2560678
2059.2647378
2064.2734078
2069.2820778
2074.2907478
2079.2994178
2084.3080878
2089.3167578
2094.3254278
2099.3340978
2104.3427678
2109.3514378
2114.3601078
2119.3687778
2124.3774478
2129.3861178
2134.3947878
2139.4034578
2144.4121278
2149.4207978
2154.4294678
2159.4381378
2164.4468078
2169.4554778
2174.4641478
2179.4728178
2184.4814878
2189.4901578
2194.4988278
2199.5074978
2204.5161678
2209.5248378
2214.5335078
2219.5421778
2224.5508478
2229.5595178
2234.5681878
2239.5768578
2244.5855278
2249.5941978
2254.6028678
2259.6115378
2264.6202078
2269.6288778
2274.6375478
2279.6462178
2284.6548878
2289.6635578
2294.6722278
2299.6808978
2304.6895678
2309.6982378
2314.7069078
2319.7155778
2324.7242478
2329.7329178
2334.7415878
2339.7502578
2344.7589278
2349.7675978
2354.7762678
2359.7849378
2364.7936078
2369.8022778
2374.8109478
2379.8196178
2384.8282878
2389.8369578
2394.8456278
2399.8542978
2404.8629678
2409.8716378
2414.8803078
2419.8889778
2424.8976478
2429.9063178
2434.9149878
2439.9236578
2444.9323278
2449.9409978
2454.9496678
2459.9583378
2464.9670078
2469.9756778
2474.9843478
2479.9930178
2485.0016878
2490.0103578
2495.0190278
2500.0276978
2505.0363678
