5.5516500 
5.5552400 
5.5587900 
5.5623000 
5.5657700 
5.5692000 
5.5726000 
5.5759500 
5.5792700 
5.5825500 
5.5857900 
5.5889900 
5.5921600 
5.5952900 
5.5983900 
5.6014400 
5.6044600 
5.6074500 
5.6104000 
5.6133200 
5.6161900 
5.6190400 
5.6218500 
5.6246300 
5.6273700 
5.6300800 
5.6327500 
5.6354000 
5.6380100 
5.6405800 
5.6431300 
5.6456400 
5.6481200 
5.6505700 
5.6529900 
5.6553700 
5.6577300 
5.6600500 
5.6623500 
5.6646100 
5.6668400 
5.6690500 
5.6712200 
5.6733700 
5.6754900 
5.6775800 
5.6796400 
5.6816700 
5.6836700 
5.6856500 
5.6876000 
5.6895200 
5.6914100 
5.6932800 
5.6951200 
5.6969400 
5.6987300 
5.7004900 
5.7022300 
5.7039400 
5.7056300 
5.7072900 
5.7089300 
5.7105500 
5.7121400 
5.7137000 
5.7152400 
5.7167600 
5.7182600 
5.7197300 
5.7211800 
5.7226100 
5.7240100 
5.7253900 
5.7267600 
5.7280900 
5.7294100 
5.7307100 
5.7319800 
5.7332400 
5.7344700 
5.7356900 
5.7368800 
5.7380600 
5.7392100 
5.7403400 
5.7414600 
5.7425600 
5.7436300 
5.7446900 
5.7457300 
5.7467600 
5.7477600 
5.7487500 
5.7497200 
5.7506700 
5.7516000 
5.7525200 
5.7534200 
5.7543100 
5.7551800 
5.7560300 
5.7568700 
5.7576900 
5.7584900 
5.7592800 
5.7600600 
5.7608200 
5.7615600 
5.7622900 
5.7630100 
5.7637100 
5.7644000 
5.7650700 
5.7657300 
5.7663800 
5.7670200 
5.7676400 
5.7682500 
5.7688400 
5.7694300 
5.7700000 
5.7705600 
5.7711100 
5.7716400 
5.7721700 
5.7726800 
5.7731900 
5.7736800 
5.7741600 
5.7746300 
5.7750900 
5.7755400 
5.7759800 
5.7764100 
5.7768300 
5.7772500 
5.7776500 
5.7780400 
5.7784300 
5.7788000 
5.7791700 
5.7795300 
5.7798800 
5.7802200 
5.7805600 
5.7808800 
5.7812000 
5.7815100 
5.7818200 
5.7821200 
5.7824100 
5.7826900 
5.7829700 
5.7832400 
5.7835100 
5.7837700 
5.7840200 
5.7842700 
5.7845200 
5.7847500 
5.7849900 
5.7852100 
5.7854300 
5.7856500 
5.7858700 
5.7860700 
5.7862800 
5.7864800 
5.7866800 
5.7868700 
5.7870600 
5.7872400 
5.7874300 
5.7876100 
5.7877800 
5.7879600 
5.7881300 
5.7883000 
5.7884600 
5.7886200 
5.7887900 
5.7889500 
5.7891000 
5.7892600 
5.7894100 
5.7895700 
5.7897200 
5.7898700 
5.7900200 
5.7901700 
5.7903200 
5.7904600 
5.7906100 
5.7907600 
5.7909100 
5.7910500 
5.7912000 
5.7913500 
5.7915000 
5.7916400 
5.7917900 
5.7919400 
5.7920900 
5.7922400 
5.7924000 
5.7925500 
5.7927100 
5.7928600 
5.7930200 
5.7931800 
5.7933500 
5.7935100 
5.7936800 
5.7938500 
5.7940200 
5.7941900 
5.7943700 
5.7945500 
5.7947300 
5.7949200 
5.7951100 
5.7953000 
5.7955000 
5.7957000 
5.7959000 
5.7961000 
5.7963100 
5.7965300 
5.7967500 
5.7969700 
5.7972000 
5.7974300 
5.7976600 
5.7979000 
5.7981500 
5.7984000 
5.7986500 
5.7989100 
5.7991800 
5.7994500 
5.7997200 
5.8000100 
5.8002900 
5.8005800 
5.8008800 
5.8011900 
5.8015000 
5.8018100 
5.8021300 
5.8024600 
5.8028000 
5.8031400 
5.8034900 
5.8038400 
5.8042000 
5.8045700 
5.8049400 
5.8053200 
5.8057100 
5.8061100 
5.8065100 
5.8069200 
5.8073400 
5.8077700 
5.8082000 
5.8086400 
5.8090900 
5.8095500 
5.8100100 
5.8104800 
5.8109600 
5.8114500 
5.8119500 
5.8124600 
5.8129700 
5.8134900 
5.8140200 
5.8145600 
5.8151100 
5.8156700 
5.8162300 
5.8168100 
5.8173900 
5.8179900 
5.8185900 
5.8192000 
5.8198200 
5.8204500 
5.8210900 
5.8217400 
5.8224000 
5.8230700 
5.8237400 
5.8244300 
5.8251300 
5.8258400 
5.8265600 
5.8272800 
5.8280200 
5.8287700 
5.8295300 
5.8303000 
5.8310800 
5.8318600 
5.8326600 
5.8334700 
5.8343000 
5.8351300 
5.8359700 
5.8368200 
5.8376900 
5.8385600 
5.8394400 
5.8403400 
5.8412500 
5.8421700 
5.8431000 
5.8440400 
5.8449900 
5.8459500 
5.8469200 
5.8479100 
5.8489100 
5.8499200 
5.8509300 
5.8519700 
5.8530100 
5.8540600 
5.8551300 
5.8562100 
5.8572900 
5.8584000 
5.8595100 
5.8606300 
5.8617700 
5.8629200 
5.8640800 
5.8652500 
5.8664300 
5.8676300 
5.8688400 
5.8700500 
5.8712900 
5.8725300 
5.8737900 
5.8750600 
5.8763400 
5.8776300 
5.8789300 
5.8802500 
5.8815800 
5.8829200 
5.8842800 
5.8856400 
5.8870200 
5.8884100 
5.8898200 
5.8912300 
5.8926600 
5.8941000 
5.8955600 
5.8970200 
5.8985000 
5.8999900 
5.9014900 
5.9030100 
5.9045400 
5.9060800 
5.9076300 
5.9092000 
5.9107800 
5.9123700 
5.9139800 
5.9155900 
5.9172200 
5.9188600 
5.9205200 
5.9221900 
5.9238700 
5.9255600 
5.9272700 
5.9289800 
5.9307100 
5.9324600 
5.9342100 
5.9359800 
5.9377600 
5.9395600 
5.9413700 
5.9431900 
5.9450200 
5.9468600 
5.9487200 
5.9505900 
5.9524700 
5.9543700 
5.9562800 
5.9582000 
5.9601300 
5.9620700 
5.9640300 
5.9660000 
5.9679900 
5.9699800 
5.9719900 
5.9740100 
5.9760400 
5.9780900 
5.9801500 
5.9822200 
5.9843000 
5.9863900 
5.9885000 
5.9906200 
5.9927500 
5.9949000 
5.9970600 
5.9992200 
6.0014100 
6.0036000 
6.0058000 
6.0080200 
6.0102500 
6.0124900 
6.0147500 
6.0170100 
6.0192900 
6.0215800 
6.0238800 
6.0261900 
6.0285200 
