0.006925
0.006925
0.0068845
0.0068461
0.0068057
0.006757
0.0066973
0.006646
0.0065731
0.0064753
0.0063503
0.0062206
0.0060815
0.0059222
0.0057547
0.0055988
0.0054444
0.0052835
0.0051575
0.0050477
0.0049491
0.0048554
0.0047851
0.0047154
0.0046585
0.0046125
0.0045854
0.0045547
0.004539
0.0045276
0.0045178
0.0045105
0.0045113
0.0045156
0.0045301
0.0045468
0.0045645
0.0045842
0.0046041
0.0046192
0.0046376
0.0046686
0.004698
0.0047255
0.0047501
0.0047714
0.0047806
0.0047853
0.0047881
0.0047968
0.0048186
0.0048366
0.0048576
0.0048786
0.0048793
0.0048551
0.0048293
0.0047973
0.0047635
0.0047352
0.0047122
0.0046797
0.0046411
0.0045994
0.0045585
0.0045204
0.0044876
0.0044613
0.0044332
0.0044094
0.004386
0.0043666
0.004353
0.0043341
0.0043163
0.0042949
0.0042734
0.0042499
0.0042317
0.0042046
0.0041685
0.0041328
0.0040832
0.0040323
0.0039836
0.0039473
0.0039024
0.0038686
0.003826
0.0037918
0.0037559
0.0037237
0.0036834
0.003651
0.0036157
0.0035749
0.0035402
0.0035064
0.0034728
0.0034328
0.0033985
0.0033595
0.0033286
0.0032932
0.0032661
0.0032368
0.003206
0.0031776
0.0031597
0.0031349
0.0031033
0.0030759
0.0030463
0.003016
0.0029802
0.0029556
0.002923
0.0028826
0.0028356
0.0028026
0.002759
0.0027159
0.0026776
0.002642
0.0025965
0.0025571
0.002525
0.0024925
0.002461
0.0024263
0.0023832
0.0023406
0.0022969
0.0022504
0.0022107
0.0021814
0.0021435
0.0021079
0.0020756
0.0020391
0.0019944
0.0019571
0.001924
0.0018917
0.0018637
0.0018367
0.0018062
0.0017677
0.0017295
0.0016926
0.0016621
0.001635
0.0016144
0.0015929
0.0015674
0.0015368
0.0015054
0.0014747
0.0014435
0.0014139
0.001393
0.0013736
0.0013556
0.001338
0.0013208
0.0012986
0.0012719
0.0012459
0.0012205
0.0011998
0.0011812
0.0011661
0.0011515
0.0011411
0.00113
0.001122
0.0011109
0.0010952
0.0010794
0.0010587
0.0010348
0.0010143
0.00099838
0.00098333
0.00097833
0.0009765
0.00097883
0.00097982
0.00097236
0.00096246
0.00095163
0.00093242
0.00091408
0.00090387
0.00089157
0.00087758
0.0008687
0.00085817
0.00084553
0.00083436
0.0008238
0.00081434
0.00080554
0.0007968
0.00078592
0.00077313
0.00076208
0.00074854
0.00073556
0.00072474
0.00071544
0.00070591
0.00070015
0.00069457
0.00068829
0.00068385
0.00067828
0.00067119
0.00066325
0.00065583
0.00064836
0.00064244
0.00063631
0.00063128
0.00062646
0.00062215
0.00061806
0.00061426
0.00061169
0.00060908
0.00060619
0.00060293
0.00060087
0.00059893
0.00059766
0.000594
0.00059004
0.00058493
0.00057951
0.00057353
0.00056796
0.00056247
0.00055783
0.00055352
0.00054986
0.00054895
0.00054869
0.00054914
0.00054876
0.00054679
0.0005437
0.00054024
0.00053672
0.0005329
0.00053067
0.00052791
0.00052513
0.00052174
0.00051936
0.00051698
0.00051555
0.0005145
0.00051408
0.00051372
0.0005131
0.0005125
0.00051146
0.00051023
0.00050711
0.00050426
0.00050156
0.00049886
0.00049542
0.00049392
0.00049242
0.00049099
0.00049053
0.00049193
0.00049427
0.00049798
0.00050169
0.00050488
0.000507
0.00050782
0.00050586
0.00050391
0.00050195
0.00049909
0.00049532
0.00049131
0.00048688
0.00048245
0.00047912
0.00047888
0.00048029
0.00048216
0.00048402
0.00048551
0.00048318
0.00047842
0.00047343
0.00046738
0.00046154
0.00045771
0.00045612
0.00045478
0.00045462
0.00045451
0.00045433
0.00045433
0.00045378
0.00045312
0.00045198
0.00045092
0.00045001
0.00045001
0.0004501
0.00045086
0.00045169
0.0004523
0.00045239
0.00045256
0.00045264
0.0004521
0.00045165
0.00045129
0.00044966
0.00044789
0.00044651
0.00044527
0.00044418
0.00044439
0.00044476
0.00044528
0.00044617
0.00044693
0.00044748
0.00044747
0.00044744
0.00044681
0.00044618
0.00044562
0.00044544
0.00044529
0.00044586
0.00044643
0.00044658
0.00044688
0.00044719
0.00044682
0.00044641
0.00044639
0.0004466
0.00044671
0.00044694
0.00044779
0.0004486
0.00044868
0.00044935
0.00044943
0.00044894
0.00044877
0.00044922
0.00044904
0.00044935
0.00044943
0.00044881
0.00044754
0.00044637
0.00044519
0.00044424
0.00044356
0.00044337
0.00044351
0.000444
0.0004448
0.00044585
0.00044703
0.0004481
0.00044853
0.00044865
0.00044883
0.00044889
0.00044879
0.00044915
0.00044974
0.00045053
0.00045151
0.0004526
0.00045359
0.00045507
0.00045651
0.00045846
0.00046042
0.00046279
0.00046487
0.00046723
0.00046909
0.00047083
0.0004723
0.00047335
0.00047474
0.00047635
0.00047903
0.00048391
0.00049009
0.00049657
0.00050487
0.00051484
0.00052575
0.00053846
0.00055186
0.00056662
0.00058064
0.00059129
0.00059884
0.00060441
0.00060641
0.00060641
0.00060641
0.00060641
0.00060641
0.00060641
0.00060641
0.00060641
