6.0787
5.4899
5.3998
5.6339
6.3167
8.9859
9.0794
9.0093
9.4059
9.3138
8.8079
8.6411
9.6647
10.262
11.007
11.687
11.794
12.032
12.084
12.152
12.157
11.976
11.424
12.028
12.124
11.819
12.206
12.165
11.636
12.561
12.728
12.976
12.977
13.012
13.466
13.732
13.532
13.714
13.889
13.815
14.079
14.442
14.244
14.111
14.467
14.509
14.522
14.366
14.254
14.379
14.044
14.195
14.506
14.428
14.177
14.154
13.948
14.504
14.558
14.488
14.498
14.275
12.493
12.972
13.666
13.668
13.899
13.78
12.533
12.114
12.139
12.846
13.314
13.461
13.488
13.406
11.155
6.3517
10.428
12.704
12.78
12.695
12.453
12.128
12.101
12.02
11.903
11.081
10.006
10.145
10.459
10.638
10.959
10.976
10.781
10.272
10.517
10.499
10.059
10.408
10.256
10.123
10.029
9.6135
8.2604
8.0978
7.9386
7.6566
7.9231
8.1974
7.2111
4.3335
3.9981
4.4949
4.4925
4.8726
5.3669
6.0265
7.0722
7.4074
7.4396
7.9644
8.2849
8.3143
8.2406
8.1008
8.0512
8.064
8.0142
7.9351
7.8615
7.8055
7.717
7.6484
7.5542
7.4576
7.2707
7.1408
6.9889
7.0305
7.0183
6.8889
6.7741
6.4963
6.2116
5.878
5.4872
4.3247
2.7467
2.0352
2.0624
2.3074
3.0528
2.9332
2.689
3.3543
4.2666
4.9829
5.286
5.3187
5.2437
5.1167
5.1845
5.3803
5.2075
5.1143
5.2213
5.3056
5.4039
5.401
5.4464
5.4969
5.46
5.3986
5.3042
5.1286
4.8093
4.2847
3.9469
4.4625
4.7575
4.8562
4.9882
4.9418
4.7868
4.5749
4.3615
4.0628
3.8879
3.7017
3.1855
2.7529
2.7969
2.2183
0.90256
0.16504
0.013929
0.0047245
0.0045176
0.015809
0.023668
0.0088728
0.034842
0.032968
0.054623
0.081121
0.12746
0.30729
0.40567
0.63262
0.73784
0.66586
0.7125
0.87708
1.0628
1.4057
1.776
1.5215
1.1345
1.3913
1.5528
1.8397
2.1921
2.6584
2.9595
2.9444
3.1776
3.2868
3.3367
3.4513
3.4434
3.4185
3.4409
3.4045
3.4673
3.4102
3.4036
3.4064
3.1254
2.9717
3.0576
3.1946
3.1707
3.2432
3.0599
2.8764
2.8221
2.9829
3.1422
3.1447
3.111
3.0571
2.9154
2.8775
2.8993
2.9053
2.9255
2.8093
2.8047
2.8008
2.7205
2.7156
2.7119
2.6916
2.6489
2.6039
2.5243
2.5136
2.4906
2.3676
2.362
2.2049
2.1707
2.1581
2.1493
2.138
2.101
1.9446
1.9418
1.7648
1.5705
1.4436
1.4098
1.0446
0.76171
0.48341
0.38081
0.20268
0.10318
0.1006
0.016749
0.0026559
0.00088653
0.0028627
0.0015426
0.0010281
0.0019751
0.0043465
0.0015548
0.00095399
0.0065193
0.0092376
0.011956
0.010436
0.0041718
0.0012743
0.0033196
0.009812
0.030126
0.051015
0.047203
0.11267
0.13549
0.21332
0.25368
0.20904
0.24509
0.37032
0.58391
0.79054
0.91885
1.0406
1.0325
0.92828
0.39557
0.14884
0.24102
0.23124
0.43737
0.80491
1.0552
1.1682
1.1245
1.065
0.8073
0.61304
0.74324
0.69573
0.77261
0.90974
1.0644
1.0811
1.1194
1.1471
1.1362
1.1622
1.1522
1.1462
1.1235
1.1233
1.1327
1.135
1.1271
1.1086
1.0518
1.0318
1.0047
0.9395
0.95955
0.9548
0.93843
0.89385
0.91037
0.87729
0.80384
0.8266
0.86785
0.85946
0.85851
0.85146
0.84378
0.83179
0.82309
0.80342
0.79532
0.76413
0.74688
0.74307
0.73178
0.71406
0.71702
0.69681
0.67326
0.63676
0.62399
0.63637
0.6886
0.61115
0.55358
0.61805
0.62573
0.59691
0.53308
0.5231
0.47555
0.49714
0.55029
0.52909
0.39886
0.4371
0.45129
0.4208
0.43742
0.44716
0.45732
0.40575
0.39704
0.31089
0.33198
0.39227
0.39636
0.26966
0.3838
0.25943
0.18435
0.29183
0.32175
0.27322
0.20762
0.2064
0.14181
0.083258
0.07219
0.087693
0.15108
