NaN
NaN
NaN
6.0781
6.6153
9.0708
8.9865
9.439
9.4748
9.2823
8.7037
8.5143
9.7468
10.346
11.018
11.527
11.628
11.576
11.554
11.62
11.87
11.777
11.142
11.683
11.838
11.622
12.103
12.144
11.462
12.179
12.422
12.82
13.006
13.106
13.466
13.706
13.767
14.022
14.197
14.562
14.77
15.054
14.685
14.574
14.901
15.001
15.188
14.911
14.898
15.019
14.723
14.792
14.99
14.881
14.601
14.424
13.97
14.692
14.694
14.614
14.54
14.244
12.335
12.856
13.573
13.54
13.761
13.607
12.106
11.894
11.905
12.559
13.046
13.129
13.258
13.157
11.005
6.0189
10.278
12.567
12.727
12.634
12.417
12.1
12.05
11.897
11.771
10.976
9.9207
10.037
10.366
10.483
10.93
11.036
10.887
10.31
10.6
10.636
10.185
10.547
10.47
10.263
10.171
9.6874
8.2551
8.2543
8.1007
7.758
7.9751
8.3176
7.194
4.0923
4.032
4.6296
4.517
4.7954
5.1867
5.8927
7.0758
7.4155
7.3918
7.9922
8.3307
8.4125
8.4271
8.2475
8.1725
8.1631
8.0347
7.9771
7.9328
7.8301
7.7513
7.6755
7.5862
7.5282
7.429
7.3823
7.2566
7.1972
7.1199
6.951
6.8548
6.5943
6.2321
5.821
5.3788
4.1486
2.573
2.0148
2.1354
2.3759
3.1931
2.9894
2.6436
3.2625
4.1408
4.8808
5.2479
5.3303
5.3179
5.2008
5.2727
5.5388
5.3187
5.2271
5.3252
5.4296
5.5513
5.5572
5.6294
5.6828
5.6713
5.6306
5.6138
5.5229
5.3448
4.9283
4.5611
5.0134
5.1735
5.1138
5.167
5.0408
4.8305
4.5626
4.354
4.031
3.8567
3.6843
3.0904
2.6557
2.7272
2.0953
0.81188
0.133
0.0082261
0.002822
0.0027546
0.032392
0.052964
0.010224
0.066958
0.058867
0.094573
0.10599
0.11285
0.26877
0.31771
0.50842
0.63283
0.59519
0.6508
0.79161
1.0197
1.3876
1.7776
1.5231
1.0851
1.3208
1.4411
1.7224
2.0373
2.5532
2.9081
2.8459
3.1325
3.2576
3.3162
3.4387
3.4361
3.4465
3.4366
3.4622
3.4662
3.4396
3.439
3.4106
3.1967
3.0004
3.0471
3.2287
3.2032
3.2604
3.0731
2.8973
2.8956
3.0106
3.0798
3.1133
3.104
3.0319
2.8936
2.8654
2.8653
2.8701
2.9012
2.7869
2.7903
2.8109
2.7337
2.7176
2.7042
2.6861
2.6216
2.5778
2.4853
2.5016
2.4771
2.3271
2.3763
2.2081
2.1905
2.1434
2.1257
2.1042
2.0685
1.8955
1.8885
1.7057
1.5013
1.3424
1.3388
0.93905
0.70558
0.42389
0.34411
0.18898
0.10079
0.12989
0.016999
0.0026581
0.0012501
0.011511
0.0058028
0.0035669
0.0079035
0.017641
0.0046147
0.002
0.024653
0.032791
0.04128
0.035441
0.011819
0.0017954
0.0058783
0.013778
0.040646
0.059218
0.042738
0.10131
0.10847
0.17324
0.19921
0.14951
0.19995
0.32695
0.55069
0.74227
0.87384
1.014
0.99856
0.88676
0.32443
0.1144
0.22147
0.20055
0.38402
0.7477
1.0096
1.1439
1.1106
1.063
0.7835
0.57504
0.72195
0.67251
0.73136
0.88058
1.0391
1.0469
1.0853
1.1101
1.1064
1.148
1.1303
1.1299
1.1044
1.108
1.1256
1.1245
1.1245
1.104
1.0509
1.0333
1.0036
0.93538
0.96543
0.94913
0.93305
0.88258
0.90371
0.8776
0.80211
0.81809
0.86367
0.85808
0.85664
0.84773
0.84177
0.83396
0.81618
0.79914
0.78828
0.75664
0.74624
0.7425
0.72895
0.72155
0.71604
0.70189
0.68014
0.63691
0.62816
0.6463
0.69464
0.61402
0.55033
0.61091
0.6217
0.59537
0.52947
0.52398
0.46176
0.49051
0.55077
0.52904
0.39511
0.43917
0.44198
0.39399
0.4346
0.44823
0.46524
0.39954
0.38206
0.29377
0.32564
0.39437
0.42057
0.26492
0.40508
0.25782
0.18177
0.30627
0.34378
0.29285
0.22243
0.21632
0.13679
0.081647
0.064546
0.085759
NaN
