   376.859985   6.660693
   381.869995   5.592747
   386.880005   5.307212
   391.890015   5.646544
   396.890015   6.164296
   401.899994   8.326535
   406.910004   8.260266
   411.920013   8.697669
   416.929993   8.717573
   421.940002   8.568733
   426.950012   7.999167
   431.959991   7.912071
   436.959991   9.016974
   441.970001   9.602694
   446.980011  10.247276
   451.989990  10.669753
   457.000000  10.751426
   462.010010  10.862919
   467.019989  10.789322
   472.019989  10.957126
   477.029999  11.205075
   482.040009  11.314861
   487.049988  10.783608
   492.059998  11.285863
   497.070007  11.535005
   502.079987  11.434827
   507.089996  11.749618
   512.090027  11.796459
   517.099976  11.330644
   522.109985  11.917382
   527.119995  12.230585
   532.130005  12.711275
   537.140015  12.888309
   542.150024  12.927736
   547.150024  13.277189
   552.159973  13.578356
   557.169983  13.628524
   562.179993  13.724584
   567.190002  13.840293
   572.200012  14.033919
   577.210022  14.221068
   582.219971  14.614134
   587.219971  14.446798
   592.229980  14.408195
   597.239990  14.657699
   602.250000  14.715251
   607.260010  14.805887
   612.270020  14.652593
   617.280029  14.627167
   622.280029  14.671612
   627.289978  14.299680
   632.299988  14.368552
   637.309998  14.677343
   642.320007  14.680831
   647.330017  14.540972
   652.340027  14.386492
   657.349976  14.009310
   662.349976  14.758104
   667.359985  14.820862
   672.369995  14.789060
   677.380005  14.691550
   682.390015  14.385690
   687.400024  12.527746
   692.409973  13.030048
   697.409973  13.733679
   702.419983  13.705953
   707.429993  13.987964
   712.440002  13.846734
   717.450012  12.429094
   722.460022  12.154121
   727.469971  12.149970
   732.479980  12.782041
   737.479980  13.288990
   742.489990  13.366014
   747.500000  13.488688
   752.510010  13.332502
   757.520020  11.165529
   762.530029   6.146124
   767.539978  10.526763
   772.539978  12.826285
   777.549988  12.942425
   782.559998  12.876249
   787.570007  12.646677
   792.580017  12.312253
   797.590027  12.234705
   802.599976  12.065400
   807.609985  11.943525
   812.609985  11.126707
   817.619995  10.074505
   822.630005  10.218256
   827.640015  10.549003
   832.650024  10.621389
   837.659973  11.051169
   842.669983  11.177629
   847.669983  10.996338
   852.679993  10.454979
   857.690002  10.667489
   862.700012  10.657930
   867.710022  10.275764
   872.719971  10.492762
   877.729980  10.405690
   882.739990  10.318673
   887.739990  10.212770
   892.750000   9.722267
   897.760010   8.289609
   902.770020   8.271660
   907.780029   8.110163
   912.789978   7.777344
   917.799988   7.961614
   922.809998   8.248349
   927.809998   7.149085
   932.820007   4.268978
   937.830017   4.130290
   942.840027   4.612906
   947.849976   4.558904
   952.859985   4.855295
   957.869995   5.261178
   962.869995   5.974382
   967.880005   7.081163
   972.890015   7.445304
   977.900024   7.462133
   982.909973   8.019213
   987.919983   8.345065
   992.929993   8.433371
   997.940002   8.412312
  1002.940002   8.226702
  1007.950012   8.186038
  1012.960022   8.210333
  1017.969971   8.127914
  1022.979980   8.038329
  1027.989990   7.992908
  1033.000000   7.875228
  1038.000000   7.808063
  1043.010010   7.718479
  1048.020020   7.619817
  1053.030029   7.535136
  1058.040039   7.364070
  1063.050049   7.244909
  1068.060059   7.069734
  1073.069946   7.073200
  1078.069946   7.048994
  1083.079956   6.887783
  1088.089966   6.801997
  1093.099976   6.525341
  1098.109985   6.184284
  1103.119995   5.853280
  1108.130005   5.456862
  1113.130005   4.205169
  1118.140015   2.629436
  1123.150024   2.023350
  1128.160034   2.143789
  1133.170044   2.315911
  1138.180054   3.079542
  1143.189941   2.882703
  1148.199951   2.634161
  1153.199951   3.268325
  1158.209961   4.156918
  1163.219971   4.860289
  1168.229980   5.213888
  1173.239990   5.306098
  1178.250000   5.267274
  1183.260010   5.124302
  1188.260010   5.196049
  1193.270020   5.450759
  1198.280029   5.224069
  1203.290039   5.102497
  1208.300049   5.228397
  1213.310059   5.334538
  1218.319946   5.445614
  1223.329956   5.450406
  1228.329956   5.504490
  1233.339966   5.579416
  1238.349976   5.552828
  1243.359985   5.464691
  1248.369995   5.388120
  1253.380005   5.211096
  1258.390015   4.866180
  1263.390015   4.309429
  1268.400024   3.985037
  1273.410034   4.555122
  1278.420044   4.814889
  1283.430054   4.899205
  1288.439941   5.049519
  1293.449951   5.008616
  1298.459961   4.843178
  1303.459961   4.639772
  1308.469971   4.382869
  1313.479980   4.082831
  1318.489990   3.902416
  1323.500000   3.780385
  1328.510010   3.154040
  1333.520020   2.739879
  1338.520020   2.850356
  1343.530029   2.142449
  1348.540039   0.824506
  1353.550049   0.129718
  1358.560059   0.000404
  1363.569946   0.000062
  1368.579956   0.006700
  1373.589966   0.031917
  1378.589966   0.045288
  1383.599976   0.027324
  1388.609985   0.066432
  1393.619995   0.063961
  1398.630005   0.095001
  1403.640015   0.108855
  1408.650024   0.128676
  1413.650024   0.277165
  1418.660034   0.335565
  1423.670044   0.535397
  1428.680054   0.646116
  1433.689941   0.590502
  1438.699951   0.644790
  1443.709961   0.783823
  1448.719971   1.000589
  1453.719971   1.391302
  1458.729980   1.791343
  1463.739990   1.505329
  1468.750000   1.086200
  1473.760010   1.348605
  1478.770020   1.453785
  1483.780029   1.757488
  1488.780029   2.092478
  1493.790039   2.597522
  1498.800049   2.940157
  1503.810059   2.846701
  1508.819946   3.179952
  1513.829956   3.311926
  1518.839966   3.369416
  1523.849976   3.472036
  1528.849976   3.483128
  1533.859985   3.484644
  1538.869995   3.482316
  1543.880005   3.514097
  1548.890015   3.512169
  1553.900024   3.464163
  1558.910034   3.440699
  1563.910034   3.392402
  1568.920044   3.147886
  1573.930054   2.930656
  1578.939941   2.980701
  1583.949951   3.159264
  1588.959961   3.143736
  1593.969971   3.194575
  1598.979980   3.019485
  1603.979980   2.877611
  1608.989990   2.869989
  1614.000000   3.016267
  1619.010010   3.088275
  1624.020020   3.116613
  1629.030029   3.122175
  1634.040039   3.036874
  1639.040039   2.883124
  1644.050049   2.877785
  1649.060059   2.873518
  1654.069946   2.877386
  1659.079956   2.939812
  1664.089966   2.788115
  1669.099976   2.788112
  1674.109985   2.802558
  1679.109985   2.749340
  1684.119995   2.734583
  1689.130005   2.726130
  1694.140015   2.698726
  1699.150024   2.648170
  1704.160034   2.614448
  1709.170044   2.514128
  1714.170044   2.523032
  1719.180054   2.501027
  1724.189941   2.342953
  1729.199951   2.356792
  1734.209961   2.215046
  1739.219971   2.209069
  1744.229980   2.158491
  1749.239990   2.158559
  1754.239990   2.131456
  1759.250000   2.098739
  1764.260010   1.927595
  1769.270020   1.917273
  1774.280029   1.701480
  1779.290039   1.526139
  1784.300049   1.361616
  1789.300049   1.338175
  1794.310059   0.959242
  1799.319946   0.697267
  1804.329956   0.420040
  1809.339966   0.327022
  1814.349976   0.177695
  1819.359985   0.091294
  1824.369995   0.098250
  1829.369995   0.015539
  1834.380005   0.008703
  1839.390015   0.008552
  1844.400024   0.014434
  1849.410034   0.012801
  1854.420044   0.013005
  1859.430054   0.016139
  1864.439941   0.019857
  1869.439941   0.014005
  1874.449951   0.013338
  1879.459961   0.023942
  1884.469971   0.028769
  1889.479980   0.032509
  1894.489990   0.032088
  1899.500000   0.016911
  1904.500000   0.011259
  1909.510010   0.013945
  1914.520020   0.020406
  1919.530029   0.039991
  1924.540039   0.065234
  1929.550049   0.050679
  1934.560059   0.101581
  1939.569946   0.118578
  1944.569946   0.179506
  1949.579956   0.203785
  1954.589966   0.145404
  1959.599976   0.212302
  1964.609985   0.351576
  1969.619995   0.569245
  1974.630005   0.767434
  1979.630005   0.911443
  1984.640015   1.055967
  1989.650024   1.033545
  1994.660034   0.889520
  1999.670044   0.313869
  2004.680054   0.111507
  2009.689941   0.209227
  2014.699951   0.188893
  2019.699951   0.393616
  2024.709961   0.775943
  2029.719971   1.037469
  2034.729980   1.179956
  2039.739990   1.150989
  2044.750000   1.088063
  2049.760010   0.795343
  2054.760010   0.594482
  2059.770020   0.747327
  2064.780029   0.692266
  2069.790039   0.756271
  2074.800049   0.915469
  2079.810059   1.078756
  2084.820068   1.092851
  2089.830078   1.136865
  2094.830078   1.170050
  2099.840088   1.161613
  2104.850098   1.173093
  2109.860107   1.163907
  2114.870117   1.153372
  2119.879883   1.138404
  2124.889893   1.147154
  2129.889893   1.159578
  2134.899902   1.152123
  2139.909912   1.145998
  2144.919922   1.123648
  2149.929932   1.071710
  2154.939941   1.055888
  2159.949951   1.021908
  2164.959961   0.960094
  2169.959961   0.990060
  2174.969971   0.985479
  2179.979980   0.970087
  2184.989990   0.923525
  2190.000000   0.947740
  2195.010010   0.910837
  2200.020020   0.816582
  2205.020020   0.835707
  2210.030029   0.886729
  2215.040039   0.876685
  2220.050049   0.880818
  2225.060059   0.866697
  2230.070068   0.859861
  2235.080078   0.839826
  2240.090088   0.825793
  2245.090088   0.801809
  2250.100098   0.792014
  2255.110107   0.761882
  2260.120117   0.743034
  2265.129883   0.734997
  2270.139893   0.731653
  2275.149902   0.717454
  2280.149902   0.712845
  2285.159912   0.699245
  2290.169922   0.666404
  2295.179932   0.624451
  2300.189941   0.617166
  2305.199951   0.631936
  2310.209961   0.689556
  2315.219971   0.591674
  2320.219971   0.537028
  2325.229980   0.601794
  2330.239990   0.609400
  2335.250000   0.578606
  2340.260010   0.509123
  2345.270020   0.502809
  2350.280029   0.446141
  2355.280029   0.480132
  2360.290039   0.545365
  2365.300049   0.518923
  2370.310059   0.386088
  2375.320068   0.435182
  2380.330078   0.437563
  2385.340088   0.395102
  2390.350098   0.432714
  2395.350098   0.447611
  2400.360107   0.460854
  2405.370117   0.395215
  2410.379883   0.378635
  2415.389893   0.295108
  2420.399902   0.328002
  2425.409912   0.385884
  2430.409912   0.402001
  2435.419922   0.260301
  2440.429932   0.381145
  2445.439941   0.242059
  2450.449951   0.181269
  2455.459961   0.293212
  2460.469971   0.312111
  2465.479980   0.265125
  2470.479980   0.203311
  2475.489990   0.193708
  2480.500000   0.117290
  2485.510010   0.074946
  2490.520020   0.061141
  2495.530029   0.080428
  2500.540039   0.116475
