0.180298    0.046571    0.018439    0.028745    0.010567    0.071338    0.067836    0.154096    0.040095    0.045273    0.031131    0.058780
0.151820    0.035117    0.012467    0.019366    0.006609    0.058901    0.055984    0.119618    0.026457    0.039015    0.022064    0.041745
0.174572    0.034944    0.011061    0.019207    0.006090    0.064831    0.064868    0.145013    0.028129    0.049055    0.023237    0.045245
0.189616    0.035807    0.010889    0.019889    0.008022    0.069479    0.069930    0.177968    0.028414    0.056234    0.022627    0.047799
0.211432    0.038569    0.012836    0.021393    0.009051    0.075803    0.079326    0.250640    0.031240    0.070341    0.022672    0.057286
0.227647    0.039848    0.012032    0.020478    0.009404    0.080381    0.086743    0.324126    0.032439    0.081627    0.023466    0.064806
0.246610    0.044742    0.014135    0.022335    0.011462    0.086236    0.095531    0.412808    0.036101    0.093225    0.026439    0.075633
0.258728    0.047847    0.016084    0.023065    0.013115    0.089151    0.101427    0.481491    0.038782    0.098221    0.028117    0.084913
0.268318    0.050907    0.018515    0.023795    0.014339    0.091551    0.106918    0.526789    0.040561    0.102757    0.029503    0.091338
0.277777    0.054755    0.019943    0.024101    0.015921    0.093612    0.112412    0.557100    0.042447    0.107758    0.030557    0.100084
0.287124    0.059271    0.021633    0.025447    0.017190    0.095398    0.118268    0.582208    0.044462    0.111272    0.032907    0.106503
0.293837    0.062778    0.023190    0.026252    0.018448    0.096897    0.123054    0.598466    0.047054    0.114570    0.033462    0.112406
0.301870    0.066001    0.023921    0.026485    0.018591    0.097678    0.128375    0.615429    0.048157    0.118922    0.034692    0.119198
0.307011    0.069479    0.024368    0.026766    0.019115    0.098323    0.132732    0.625518    0.049555    0.120924    0.035364    0.123630
0.313839    0.073070    0.025462    0.027331    0.019886    0.099160    0.138269    0.642480    0.050882    0.123747    0.035630    0.129869
0.318495    0.076757    0.026196    0.027817    0.020650    0.099634    0.142728    0.660305    0.052642    0.126318    0.036776    0.136192
0.328843    0.079807    0.027307    0.028397    0.021604    0.101077    0.147194    0.675515    0.054010    0.129310    0.038186    0.143636
0.336833    0.083304    0.028066    0.029255    0.022461    0.102844    0.152365    0.691407    0.056209    0.132174    0.039017    0.151141
0.347329    0.086815    0.028686    0.029950    0.023185    0.103729    0.157422    0.712762    0.057718    0.135874    0.040195    0.157734
0.352490    0.089096    0.029366    0.030285    0.023762    0.104551    0.161102    0.729703    0.059542    0.137266    0.041488    0.164235
0.360006    0.093000    0.030195    0.031168    0.024424    0.105501    0.167505    0.747809    0.060988    0.141312    0.041955    0.171011
0.365083    0.095922    0.031121    0.031775    0.025284    0.106743    0.171438    0.760314    0.062114    0.142506    0.042785    0.178021
0.368857    0.099151    0.031676    0.032887    0.026124    0.107470    0.175826    0.775569    0.063982    0.144219    0.043906    0.184598
0.372590    0.102381    0.032029    0.033961    0.026800    0.107248    0.179973    0.789693    0.065244    0.146962    0.044386    0.191063
0.369524    0.105404    0.032801    0.034470    0.027242    0.107367    0.183330    0.796675    0.066644    0.148601    0.044817    0.195865
0.363383    0.109233    0.034102    0.035582    0.028143    0.107049    0.187670    0.804529    0.067390    0.149575    0.045635    0.201622
0.354458    0.113447    0.035982    0.037102    0.028404    0.106943    0.191947    0.816873    0.068380    0.152261    0.046270    0.207849
0.337829    0.116443    0.038718    0.038406    0.028766    0.106521    0.194524    0.820708    0.069191    0.152563    0.046694    0.211616
0.329407    0.120455    0.043804    0.040703    0.030057    0.106370    0.197414    0.825257    0.070921    0.152723    0.047323    0.216825
0.329760    0.123792    0.049803    0.042597    0.030509    0.105999    0.200628    0.831906    0.072239    0.153465    0.048123    0.221242
0.330693    0.128754    0.056121    0.045032    0.031223    0.105806    0.205009    0.837381    0.074022    0.155803    0.048827    0.227365
0.328968    0.132970    0.061368    0.047249    0.031944    0.105182    0.206931    0.839696    0.075101    0.156144    0.050043    0.231270
0.324982    0.137177    0.064898    0.049508    0.032743    0.104976    0.208478    0.845250    0.077179    0.157574    0.050273    0.235735
0.321944    0.143299    0.067729    0.051590    0.033959    0.104813    0.211985    0.855254    0.080408    0.157565    0.050807    0.241714
0.314327    0.149483    0.069482    0.053199    0.034771    0.104579    0.214470    0.861793    0.083610    0.157683    0.051310    0.246990
0.306976    0.155927    0.070917    0.054257    0.035961    0.103907    0.216271    0.863539    0.087192    0.158068    0.051964    0.251530
0.302629    0.163416    0.071134    0.055461    0.037318    0.103935    0.218805    0.870070    0.092889    0.159531    0.052483    0.255601
0.298818    0.172182    0.069274    0.055534    0.039200    0.103598    0.221982    0.876123    0.098838    0.159686    0.053058    0.260330
0.290975    0.180262    0.066204    0.055036    0.041772    0.103523    0.224069    0.881277    0.106321    0.161482    0.053579    0.264551
0.278026    0.188307    0.061890    0.053442    0.044534    0.102828    0.225471    0.885290    0.113906    0.160957    0.053441    0.268310
0.263776    0.196304    0.058350    0.051479    0.048007    0.102380    0.226922    0.887070    0.122868    0.161145    0.053762    0.273586
0.239775    0.203756    0.055986    0.048357    0.052509    0.102213    0.228226    0.890777    0.132550    0.161498    0.054167    0.276706
0.202388    0.209860    0.054416    0.045421    0.056905    0.101543    0.228595    0.892944    0.140463    0.161167    0.054965    0.279977
0.164911    0.216519    0.053579    0.042228    0.062003    0.100841    0.229576    0.893934    0.149301    0.160685    0.055282    0.282851
0.136588    0.222491    0.053127    0.039075    0.067214    0.100916    0.231366    0.899687    0.157352    0.160934    0.055972    0.287851
0.108191    0.228800    0.052551    0.036933    0.071543    0.101113    0.233359    0.905904    0.163817    0.162098    0.056658    0.290667
0.097642    0.232841    0.051279    0.034906    0.075601    0.101264    0.233808    0.909036    0.168705    0.162647    0.056770    0.294816
0.094952    0.237380    0.049825    0.034069    0.079463    0.100593    0.235191    0.909579    0.173799    0.162740    0.057321    0.297445
0.092889    0.240584    0.048416    0.033442    0.082622    0.100082    0.235353    0.912116    0.177103    0.162388    0.057520    0.299205
0.090849    0.244280    0.047549    0.033025    0.084943    0.100202    0.236706    0.916036    0.180541    0.161353    0.058162    0.302795
0.087933    0.246980    0.047051    0.033030    0.087496    0.099656    0.236518    0.917642    0.182974    0.160907    0.058544    0.304533
0.085382    0.250224    0.047077    0.032885    0.089529    0.099303    0.237079    0.920723    0.185652    0.160750    0.059543    0.305968
0.083441    0.253234    0.046709    0.032899    0.091729    0.098931    0.238124    0.923782    0.187916    0.160892    0.059744    0.308841
0.080249    0.255491    0.045120    0.033233    0.093562    0.099264    0.238048    0.925519    0.189879    0.160643    0.060864    0.311421
0.074197    0.259194    0.043540    0.033357    0.095631    0.099306    0.239055    0.927475    0.192105    0.160615    0.061492    0.315563
0.069190    0.262428    0.042653    0.033897    0.098300    0.099541    0.239872    0.930548    0.194909    0.161442    0.062308    0.317685
0.062012    0.265706    0.041590    0.034554    0.101447    0.099757    0.240588    0.935842    0.197618    0.161731    0.063020    0.320048
0.056197    0.268109    0.039386    0.035234    0.103391    0.099535    0.240816    0.936680    0.199926    0.161399    0.063860    0.321838
0.054568    0.272808    0.038001    0.036259    0.107152    0.100214    0.243050    0.943359    0.203511    0.162181    0.064921    0.324008
0.052480    0.276997    0.037628    0.038039    0.110397    0.100763    0.244730    0.955191    0.207006    0.162649    0.066078    0.328489
0.046931    0.279319    0.036117    0.038192    0.114041    0.098891    0.245222    0.951610    0.209394    0.163269    0.065728    0.328623
0.043901    0.284417    0.037431    0.039553    0.118259    0.099127    0.246873    0.957106    0.212886    0.162801    0.067096    0.334191
0.039211    0.287114    0.041553    0.040894    0.121545    0.099082    0.247393    0.957152    0.215707    0.161575    0.067112    0.333792
0.032429    0.289509    0.050378    0.042780    0.125842    0.099025    0.246967    0.961508    0.219691    0.161547    0.069712    0.335076
0.026484    0.293579    0.066978    0.044562    0.130736    0.099647    0.248283    0.966296    0.224201    0.162848    0.071956    0.339458
0.021541    0.297496    0.091056    0.045753    0.134595    0.099750    0.249301    0.968433    0.227305    0.163965    0.075001    0.342041
0.016922    0.299636    0.118833    0.045990    0.138416    0.099483    0.248776    0.965100    0.229683    0.163965    0.077415    0.343850
0.013236    0.303349    0.149565    0.046152    0.142634    0.100097    0.249972    0.968812    0.233496    0.163583    0.080865    0.345639
0.010285    0.305211    0.186387    0.046405    0.145345    0.100077    0.249187    0.966720    0.236042    0.162264    0.084688    0.348230
0.009455    0.309275    0.232221    0.046661    0.148265    0.099854    0.250914    0.969867    0.241116    0.162030    0.089420    0.350490
0.009151    0.311389    0.275127    0.046989    0.151642    0.099811    0.250541    0.972456    0.243851    0.160910    0.093330    0.351722
0.009625    0.315115    0.317665    0.047361    0.154242    0.099595    0.251258    0.974228    0.247274    0.162532    0.096579    0.354047
0.010000    0.315202    0.349855    0.048189    0.155746    0.100463    0.249630    0.965671    0.246172    0.162740    0.099203    0.352078
0.010451    0.318224    0.378847    0.050298    0.157834    0.100982    0.250063    0.966946    0.249661    0.164294    0.102603    0.355190
0.010238    0.320457    0.399522    0.052307    0.158686    0.100509    0.250234    0.963649    0.251445    0.163462    0.105051    0.356217
0.010460    0.321861    0.414720    0.054909    0.159161    0.100497    0.250332    0.965843    0.252779    0.162267    0.106679    0.358125
0.011070    0.323428    0.421902    0.056272    0.157611    0.099982    0.249780    0.961074    0.250596    0.160953    0.108418    0.358556
0.015330    0.324983    0.427975    0.057826    0.157410    0.100654    0.249174    0.963200    0.253862    0.161768    0.110203    0.358790
0.011526    0.328173    0.438683    0.060260    0.156499    0.100235    0.251028    0.970408    0.258769    0.161090    0.112125    0.360134
0.010199    0.328636    0.441617    0.060783    0.155798    0.100921    0.250054    0.961918    0.256478    0.161408    0.113819    0.361716
0.010019    0.329898    0.446087    0.060738    0.154358    0.100955    0.250191    0.963939    0.256014    0.161083    0.114912    0.361719
0.010127    0.331082    0.446428    0.061290    0.152754    0.101144    0.249781    0.964354    0.256683    0.160873    0.117581    0.362681
0.010013    0.332831    0.451421    0.062174    0.151101    0.100768    0.250445    0.963277    0.256008    0.160744    0.118933    0.363963
0.010031    0.333571    0.455099    0.064393    0.150148    0.100874    0.250743    0.965657    0.257299    0.160525    0.121222    0.365838
0.009874    0.335498    0.458405    0.067321    0.149144    0.101210    0.251075    0.968278    0.257550    0.159747    0.122937    0.367748
0.009763    0.336900    0.460724    0.071322    0.147683    0.101010    0.251512    0.964468    0.257198    0.159534    0.124741    0.368960
0.009663    0.336320    0.461895    0.075462    0.146508    0.101222    0.251088    0.967732    0.256074    0.158117    0.125565    0.368395
0.009065    0.338661    0.465706    0.080530    0.145526    0.100397    0.251947    0.966294    0.255546    0.156604    0.128241    0.370567
0.009043    0.340212    0.470253    0.088063    0.145111    0.101049    0.252571    0.968831    0.256878    0.156781    0.131599    0.372736
0.008959    0.338996    0.472220    0.094213    0.143636    0.101038    0.251108    0.966372    0.255231    0.157033    0.132321    0.371349
0.009033    0.338712    0.473911    0.100184    0.142561    0.100977    0.251321    0.963181    0.254205    0.155651    0.133486    0.372601
0.009128    0.338715    0.473984    0.106530    0.141530    0.100821    0.251153    0.958622    0.254242    0.155304    0.134242    0.369238
0.009073    0.339464    0.477918    0.112933    0.141526    0.101367    0.251523    0.959377    0.253189    0.155238    0.135753    0.371433
0.009082    0.338079    0.479514    0.118742    0.141758    0.101386    0.250027    0.958941    0.251560    0.154701    0.136856    0.372199
0.008958    0.338231    0.480326    0.124780    0.141342    0.101475    0.249881    0.959026    0.251122    0.154324    0.138770    0.372523
0.009319    0.338272    0.481592    0.130448    0.141179    0.101836    0.249637    0.957358    0.250179    0.153507    0.140179    0.370693
0.009191    0.339838    0.485283    0.136009    0.141938    0.102355    0.250541    0.956695    0.251473    0.153573    0.142537    0.372104
0.008785    0.338153    0.487799    0.138926    0.141724    0.101605    0.249646    0.953731    0.249617    0.152358    0.143782    0.371737
0.008822    0.337796    0.487828    0.142097    0.141699    0.101880    0.249073    0.953615    0.250647    0.151169    0.145771    0.370997
0.008633    0.336935    0.489401    0.145108    0.142155    0.101502    0.248110    0.948929    0.250240    0.150508    0.146488    0.370900
0.008543    0.338723    0.493797    0.149060    0.143702    0.103229    0.249620    0.951851    0.251838    0.151078    0.149375    0.374359
0.008645    0.341016    0.497491    0.151739    0.145472    0.102872    0.250756    0.956771    0.254542    0.151233    0.151698    0.375025
0.008321    0.340963    0.500621    0.153843    0.146206    0.102984    0.250700    0.956827    0.255656    0.150506    0.154741    0.378046
0.007817    0.342132    0.502251    0.154932    0.148029    0.103291    0.251640    0.958379    0.256075    0.148706    0.156375    0.377491
0.007404    0.343943    0.504946    0.157072    0.150096    0.102907    0.252245    0.957246    0.257173    0.147002    0.160077    0.376810
0.007442    0.345827    0.510221    0.159603    0.152033    0.103264    0.253862    0.963516    0.262199    0.146704    0.162413    0.378476
0.007244    0.345932    0.510323    0.160230    0.153753    0.103147    0.253130    0.957155    0.262216    0.144829    0.163779    0.376473
0.006796    0.347575    0.513325    0.161940    0.156718    0.103392    0.254682    0.958666    0.265877    0.145280    0.166324    0.377400
0.007153    0.350724    0.517073    0.163503    0.158941    0.104060    0.256507    0.968478    0.268763    0.144032    0.169049    0.383287
0.006810    0.347869    0.512494    0.161906    0.158817    0.103083    0.254170    0.955438    0.267516    0.142447    0.168905    0.380681
0.006202    0.345954    0.507004    0.159484    0.159133    0.101623    0.251381    0.946235    0.264781    0.137946    0.169752    0.378450
0.005838    0.345435    0.507557    0.161224    0.165850    0.102941    0.250894    0.931577    0.266424    0.138329    0.177518    0.377773
0.006334    0.351590    0.516700    0.172294    0.174508    0.105752    0.254189    0.950522    0.283072    0.138547    0.180877    0.384200
0.006251    0.349182    0.507292    0.169443    0.170832    0.102836    0.252132    0.943793    0.276751    0.135278    0.180535    0.380732
0.006155    0.351702    0.507639    0.172219    0.176042    0.105526    0.253112    0.944631    0.283940    0.135977    0.181833    0.382477
0.006127    0.352857    0.500116    0.171354    0.177601    0.103707    0.254108    0.945124    0.286566    0.135845    0.180408    0.381309
0.006217    0.353192    0.495197    0.172646    0.181019    0.105236    0.254032    0.946422    0.287326    0.135240    0.180699    0.381342
0.006251    0.356975    0.497327    0.176223    0.184760    0.104946    0.256248    0.954846    0.295075    0.136506    0.183808    0.384369
0.006661    0.357905    0.494904    0.177159    0.187076    0.105075    0.255899    0.955613    0.297513    0.136010    0.183591    0.385360
0.006640    0.358018    0.494140    0.178237    0.190665    0.105755    0.255750    0.946619    0.297879    0.136109    0.184481    0.384426
0.006714    0.358820    0.494848    0.180222    0.193330    0.105800    0.254945    0.948006    0.301847    0.135043    0.185810    0.383711
0.006593    0.359698    0.496231    0.181305    0.196629    0.106670    0.255397    0.944512    0.306645    0.135303    0.187494    0.384298
0.006842    0.359600    0.495570    0.182679    0.199195    0.107927    0.254007    0.938828    0.308638    0.135314    0.188740    0.383859
0.006989    0.360774    0.498496    0.184264    0.202364    0.108110    0.254416    0.936145    0.312831    0.135495    0.192632    0.383944
0.007074    0.363632    0.502098    0.186137    0.206097    0.109217    0.255769    0.937183    0.317848    0.135176    0.193844    0.386441
0.006965    0.365631    0.505643    0.187305    0.207766    0.109610    0.256571    0.937090    0.321681    0.135127    0.196549    0.388578
0.007111    0.365549    0.507944    0.188658    0.210205    0.110314    0.255778    0.934114    0.325264    0.133768    0.199653    0.385372
0.006662    0.366604    0.511187    0.190003    0.212365    0.111422    0.255912    0.931322    0.328873    0.133005    0.200780    0.383788
0.006896    0.368622    0.516200    0.191773    0.213326    0.112739    0.256913    0.931627    0.333099    0.132292    0.199465    0.383821
0.006838    0.369287    0.521491    0.193070    0.215102    0.114317    0.257241    0.933957    0.337467    0.131845    0.205446    0.385374
0.007099    0.369310    0.523189    0.194072    0.216438    0.116285    0.256618    0.929312    0.340696    0.132289    0.207343    0.386730
0.006896    0.370267    0.525428    0.196236    0.217323    0.118781    0.256256    0.924608    0.343439    0.131204    0.208985    0.389702
0.006807    0.370973    0.526797    0.196523    0.218125    0.120966    0.256985    0.923217    0.346023    0.129588    0.211516    0.386864
0.006698    0.372493    0.528413    0.197927    0.219636    0.123782    0.257387    0.923481    0.349730    0.129509    0.213441    0.388338
0.006958    0.373162    0.532182    0.199870    0.220216    0.127078    0.257153    0.922755    0.354212    0.129611    0.216612    0.389195
0.006804    0.374059    0.533989    0.201528    0.221995    0.130635    0.257836    0.925572    0.357568    0.128273    0.219303    0.387351
0.006867    0.376166    0.537870    0.204454    0.223889    0.134987    0.258970    0.927099    0.359790    0.127850    0.221533    0.388930
0.006646    0.376410    0.537870    0.205826    0.223657    0.138525    0.257901    0.920794    0.363045    0.126543    0.223494    0.387588
0.006529    0.375782    0.538106    0.207302    0.223600    0.142273    0.257803    0.915068    0.364898    0.126322    0.224450    0.385394
0.006373    0.376624    0.539759    0.209171    0.224731    0.146460    0.258319    0.917692    0.368413    0.125864    0.227619    0.389346
0.006196    0.379182    0.541907    0.211566    0.225863    0.150973    0.259705    0.918705    0.372776    0.124511    0.230763    0.389036
0.006078    0.379662    0.542196    0.214375    0.227110    0.153893    0.259986    0.920532    0.374869    0.124058    0.232689    0.388472
0.005873    0.380781    0.542716    0.215775    0.228479    0.157404    0.260466    0.918907    0.377377    0.123331    0.234771    0.388644
0.005572    0.381708    0.542751    0.217347    0.229450    0.160147    0.261056    0.917571    0.380434    0.122462    0.237048    0.390431
0.005328    0.385149    0.545059    0.219392    0.229623    0.163236    0.263360    0.924321    0.385473    0.121048    0.240667    0.392498
0.004993    0.386431    0.545117    0.219570    0.230364    0.165537    0.264232    0.924817    0.388512    0.119417    0.244183    0.393590
0.005033    0.385684    0.541150    0.217025    0.228582    0.166607    0.263286    0.919477    0.388029    0.118130    0.244730    0.390722
0.004769    0.387354    0.539750    0.216103    0.228100    0.167062    0.265509    0.921990    0.385509    0.117766    0.245275    0.389992
0.004710    0.392534    0.541573    0.220840    0.232417    0.167547    0.268014    0.911615    0.388816    0.119713    0.245204    0.392219
0.005240    0.386796    0.536608    0.226672    0.233003    0.167082    0.262915    0.888576    0.386162    0.123319    0.244557    0.388910
0.005411    0.389300    0.537959    0.230956    0.237652    0.172619    0.267210    0.900329    0.396687    0.122957    0.253147    0.389874
0.005449    0.387558    0.527034    0.231837    0.232845    0.175303    0.266026    0.901454    0.390420    0.119844    0.250846    0.385650
0.005373    0.389948    0.512714    0.229034    0.230172    0.177985    0.266590    0.916307    0.404720    0.115218    0.251398    0.389153
0.004835    0.390604    0.502248    0.229365    0.231558    0.177286    0.267070    0.904971    0.396464    0.116164    0.255428    0.388425
0.004730    0.391352    0.487986    0.230150    0.234442    0.178012    0.268569    0.907183    0.409198    0.116045    0.251952    0.385866
0.004777    0.397357    0.483727    0.229430    0.233826    0.182306    0.273072    0.922597    0.416453    0.115746    0.253871    0.387619
0.004638    0.393026    0.470868    0.225390    0.228260    0.183862    0.269453    0.915482    0.415049    0.113150    0.251978    0.384986
0.004368    0.396453    0.467377    0.222267    0.226697    0.187640    0.271130    0.907463    0.418464    0.114625    0.255741    0.385329
0.004092    0.399039    0.469596    0.221648    0.226832    0.189946    0.272114    0.907009    0.422648    0.114150    0.258805    0.386189
0.004110    0.399898    0.468397    0.224173    0.228197    0.191580    0.273306    0.902831    0.422857    0.114438    0.259420    0.380256
0.004002    0.399863    0.467056    0.221418    0.225164    0.190675    0.272622    0.892918    0.421788    0.114002    0.260713    0.369158
0.004200    0.399856    0.465335    0.217446    0.222200    0.189650    0.273079    0.889364    0.424452    0.113743    0.262487    0.357494
0.004205    0.398945    0.464184    0.211824    0.218526    0.187676    0.272378    0.884081    0.427141    0.113959    0.264063    0.357382
0.004074    0.401044    0.464160    0.206970    0.215499    0.185466    0.273478    0.880048    0.426727    0.112771    0.266790    0.370710
0.004114    0.401105    0.464027    0.196656    0.209893    0.181978    0.273769    0.876980    0.428397    0.112247    0.268675    0.387136
0.004039    0.397622    0.458273    0.181763    0.199132    0.174730    0.271446    0.863392    0.424925    0.111102    0.265243    0.386993
0.004143    0.399315    0.460264    0.170211    0.191528    0.172559    0.273256    0.867801    0.425664    0.111156    0.266615    0.388886
0.003969    0.399965    0.465124    0.164960    0.187790    0.172234    0.273414    0.874196    0.429719    0.110603    0.270204    0.388581
0.004083    0.400506    0.467268    0.168267    0.190797    0.176696    0.274327    0.875895    0.432074    0.110581    0.273123    0.390821
0.004014    0.402963    0.470919    0.183089    0.200132    0.184151    0.275970    0.880189    0.433724    0.110150    0.275924    0.393955
0.004123    0.403453    0.475501    0.200526    0.211100    0.191907    0.276608    0.882991    0.436595    0.110548    0.278496    0.395730
0.003947    0.405042    0.478596    0.214271    0.219148    0.198021    0.277944    0.886077    0.436287    0.110859    0.282824    0.399839
0.004081    0.405301    0.482807    0.223169    0.224399    0.201407    0.277734    0.886835    0.437368    0.110440    0.284657    0.399401
0.004194    0.406372    0.482849    0.230079    0.228784    0.204066    0.278764    0.889333    0.439335    0.110590    0.287137    0.400972
0.004171    0.408132    0.484772    0.234692    0.231596    0.205901    0.279743    0.887724    0.438702    0.109990    0.289501    0.400480
0.004167    0.407746    0.488821    0.238007    0.233533    0.207585    0.279929    0.887332    0.440941    0.109759    0.291653    0.401290
0.004258    0.408476    0.489829    0.239684    0.234424    0.208319    0.280179    0.888916    0.440228    0.109323    0.293069    0.400334
0.004456    0.407600    0.487546    0.239536    0.234371    0.207534    0.279555    0.883144    0.438243    0.108479    0.292282    0.399654
0.004923    0.408958    0.490183    0.240631    0.234520    0.208713    0.281613    0.886905    0.440496    0.108238    0.293442    0.399611
0.004346    0.410419    0.492184    0.244406    0.235819    0.210395    0.282493    0.885466    0.444257    0.108411    0.298901    0.400549
0.003979    0.412960    0.494367    0.247192    0.237806    0.211615    0.284924    0.893032    0.447368    0.108192    0.303183    0.404047
0.004012    0.413697    0.493266    0.249072    0.238047    0.211416    0.285269    0.890164    0.448366    0.107651    0.305197    0.404181
0.003842    0.416128    0.493080    0.249735    0.239051    0.212755    0.287382    0.891977    0.449604    0.107570    0.309086    0.405562
0.003627    0.418158    0.491637    0.250661    0.239478    0.212674    0.289141    0.895039    0.454221    0.107844    0.312024    0.406877
0.003683    0.419078    0.486548    0.250404    0.239791    0.211201    0.289782    0.892040    0.452928    0.105999    0.312809    0.406586
0.003065    0.427448    0.490812    0.255886    0.243979    0.214135    0.296146    0.913337    0.460040    0.107196    0.317936    0.414244
0.001554    0.422134    0.480164    0.253958    0.242389    0.211497    0.293252    0.905515    0.460781    0.104021    0.320264    0.412869
0.001176    0.424287    0.475492    0.254751    0.242578    0.211312    0.294661    0.909679    0.461149    0.103628    0.320893    0.413778
0.000905    0.423394    0.463233    0.254403    0.240625    0.209280    0.294431    0.902526    0.460441    0.102552    0.320349    0.412166
0.000805    0.423312    0.449786    0.253871    0.240307    0.208286    0.294620    0.901379    0.459751    0.102180    0.321318    0.411543
0.000842    0.429632    0.443035    0.253872    0.241044    0.204798    0.300081    0.906721    0.456547    0.099183    0.324138    0.411671
0.001063    0.424975    0.424632    0.250717    0.237914    0.200778    0.297383    0.901877    0.459516    0.097995    0.318585    0.406408
0.000809    0.421407    0.411458    0.247357    0.236130    0.199363    0.295359    0.894839    0.456038    0.096781    0.317618    0.404024
0.001138    0.424252    0.400555    0.243178    0.234893    0.198554    0.298339    0.898894    0.451173    0.096898    0.313906    0.404520
0.001534    0.435049    0.391934    0.237171    0.239762    0.184884    0.307145    0.886620    0.419756    0.099527    0.288455    0.406875
0.001294    0.477820    0.458423    0.062636    0.025010    0.148488    0.412304    1.620655    0.752163   -0.196669    0.682575    0.569642
0.000004    0.640535    0.571688    0.069705    0.048025    0.082842    0.448659   -2.415312    0.150688   -0.044806    0.671413    1.161275
0.000002    0.325828    0.335354    0.403406    0.323044    0.348457    0.324125    0.325320    0.329025    0.326666    0.346137    0.327103
0.000001    0.173546    0.170662    0.006282    0.007246    0.407065    0.300358    0.165155    0.174715    0.120163   -0.214142   -1.800427
0.000205   -1.724104   -2.095653   -3.391306   -3.519523   -0.990194    1.534570    9.464360    2.288913   -2.569272    6.230453   -2.163239
0.000123    0.821888    1.051160    1.161248    1.096788    0.345311    0.426091   -0.201672    0.250389    0.629210   -0.227711    0.970639
0.000008    0.571794    0.619121    0.579126    0.522220    0.238741    0.318304    0.411826    0.445795    0.323134    0.207635    0.523558
0.000038    0.586355    0.666418    0.527392    0.459157    0.209276    0.314190    0.695461    0.495768    0.233954    0.303207    0.706019
0.000043    0.540742    0.641721    0.461122    0.435603    0.204138    0.341982    0.659547    0.489412    0.211080    0.300447    0.558597
0.000168    0.647999    0.676388    0.476746    0.427569    0.216359    0.340332    0.759838    0.486277    0.225956    0.273928    0.613576
0.000229    0.545278    0.584438    0.410942    0.389972    0.194222    0.310257    0.757831    0.481376    0.235351    0.275754    0.528365
0.000380    0.449292    0.480283    0.364860    0.372712    0.196705    0.282634    0.635973    0.390070    0.191932    0.221814    0.460189
0.001154    0.457857    0.351385    0.295547    0.285394    0.177907    0.305059    0.803026    0.477088    0.143512    0.277580    0.402223
0.001017    0.454177    0.308592    0.264798    0.293842    0.168186    0.322952    0.798510    0.446118    0.138680    0.252647    0.389359
0.001214    0.436743    0.196800    0.216944    0.237938    0.163174    0.307540    0.847339    0.459182    0.097414    0.276216    0.415701
0.001500    0.425988    0.151745    0.208383    0.219328    0.172851    0.309798    0.847941    0.457164    0.095650    0.278930    0.391924
0.002025    0.440269    0.163268    0.218756    0.231140    0.171172    0.318412    0.860516    0.457371    0.102726    0.287475    0.409063
0.001822    0.433888    0.161606    0.216536    0.224922    0.168578    0.311978    0.845632    0.455082    0.098911    0.269264    0.403241
0.001527    0.432473    0.146401    0.215156    0.224625    0.170241    0.314960    0.853748    0.463175    0.090497    0.278438    0.399132
0.001571    0.432276    0.128699    0.219228    0.224525    0.174596    0.313083    0.848142    0.462362    0.092909    0.282892    0.398766
0.001408    0.431288    0.120363    0.221097    0.222536    0.178247    0.313053    0.850328    0.469461    0.091308    0.287369    0.402630
0.001308    0.430760    0.115784    0.221384    0.221294    0.183526    0.312067    0.849724    0.467107    0.087542    0.290027    0.395780
0.001180    0.434638    0.118033    0.227537    0.224680    0.183415    0.313477    0.851844    0.467933    0.090576    0.291773    0.395608
0.001737    0.445978    0.129138    0.230235    0.229607    0.183201    0.314613    0.849745    0.452090    0.090348    0.282694    0.394513
0.001520    0.433424    0.124908    0.230155    0.226079    0.184907    0.312113    0.833225    0.469795    0.090577    0.284509    0.391737
0.001555    0.438110    0.127758    0.231705    0.230095    0.185356    0.316760    0.834214    0.462143    0.089140    0.285339    0.394601
0.001397    0.434959    0.131084    0.230890    0.227462    0.186211    0.313859    0.824694    0.466798    0.088922    0.288283    0.393562
0.001380    0.436655    0.134312    0.234572    0.227954    0.192291    0.314291    0.821459    0.477797    0.088715    0.293171    0.395221
0.001147    0.436895    0.137242    0.234863    0.231165    0.195127    0.313488    0.811581    0.466927    0.089794    0.291617    0.390103
0.001048    0.434873    0.142432    0.238181    0.230674    0.198718    0.313076    0.805688    0.471778    0.090659    0.294549    0.390128
0.001058    0.437928    0.148029    0.238965    0.231821    0.199089    0.314022    0.801720    0.465293    0.090205    0.293230    0.386743
0.000909    0.436848    0.153746    0.239563    0.232461    0.200015    0.314519    0.799148    0.467922    0.090450    0.295055    0.384736
0.000850    0.436770    0.160105    0.240855    0.232297    0.200828    0.313886    0.800994    0.468054    0.091406    0.298324    0.382605
0.000836    0.436800    0.166536    0.240216    0.231968    0.201338    0.314726    0.800245    0.465804    0.090734    0.299691    0.379788
0.000786    0.435558    0.172064    0.239263    0.230756    0.201318    0.314072    0.795704    0.462401    0.090892    0.299983    0.377471
0.000829    0.434775    0.178295    0.238771    0.230066    0.200926    0.313853    0.795129    0.463148    0.089433    0.301017    0.376658
0.000716    0.435137    0.183963    0.237236    0.229505    0.201360    0.314129    0.792400    0.461903    0.089744    0.302795    0.377280
0.000994    0.436190    0.190176    0.235096    0.228555    0.201056    0.315468    0.789102    0.462210    0.089896    0.302298    0.375913
0.000800    0.435209    0.196616    0.235714    0.229043    0.201086    0.315071    0.789475    0.463501    0.089654    0.304962    0.376968
0.000841    0.434356    0.201550    0.239000    0.230602    0.201077    0.314655    0.786257    0.460115    0.089357    0.305991    0.374806
0.001046    0.436334    0.207540    0.241234    0.231948    0.202062    0.316262    0.783328    0.460519    0.088987    0.307182    0.375887
0.001017    0.434388    0.213401    0.242259    0.231881    0.201913    0.315874    0.784959    0.462588    0.088733    0.308441    0.377752
0.000939    0.432258    0.218391    0.241661    0.230679    0.200622    0.314594    0.779842    0.460982    0.088128    0.307184    0.376782
0.001156    0.435468    0.222253    0.240453    0.231353    0.200453    0.317446    0.778086    0.459842    0.088255    0.308482    0.380620
0.001416    0.438660    0.228531    0.241183    0.232887    0.201183    0.319881    0.779337    0.462300    0.088274    0.310435    0.384181
0.001435    0.436767    0.233090    0.241353    0.231789    0.200792    0.319081    0.776356    0.461270    0.087781    0.310647    0.383310
0.001146    0.438723    0.239362    0.242823    0.232146    0.201847    0.320637    0.776523    0.463722    0.088164    0.314070    0.388674
0.001288    0.438750    0.243463    0.244334    0.231911    0.201289    0.322334    0.773681    0.463603    0.087757    0.315557    0.387424
0.001229    0.438866    0.248088    0.243112    0.231479    0.200804    0.322768    0.773287    0.463940    0.087757    0.318956    0.387050
0.001229    0.440477    0.252057    0.242051    0.232186    0.200400    0.324592    0.772897    0.464614    0.087257    0.318551    0.387514
0.001341    0.440651    0.255560    0.240449    0.231215    0.199698    0.324318    0.773093    0.463582    0.088037    0.320622    0.387505
0.001369    0.440799    0.261041    0.240453    0.231413    0.200306    0.325344    0.770164    0.465035    0.087429    0.322153    0.385285
0.001211    0.443037    0.265269    0.241722    0.231500    0.199446    0.327483    0.769986    0.468082    0.087131    0.325547    0.386161
0.001253    0.442856    0.270431    0.242309    0.231360    0.199658    0.327852    0.769537    0.467261    0.086700    0.327290    0.385796
0.001249    0.443770    0.273784    0.242604    0.232306    0.199736    0.328924    0.772619    0.469698    0.086701    0.329984    0.385344
0.001200    0.444065    0.275144    0.241249    0.231451    0.198644    0.329071    0.766247    0.469367    0.086262    0.331277    0.383123
0.001243    0.441988    0.276655    0.237752    0.228525    0.195452    0.327993    0.758842    0.465454    0.085931    0.329514    0.378479
0.001234    0.443202    0.280138    0.237380    0.229154    0.194937    0.329989    0.760004    0.467944    0.086087    0.331115    0.377506
0.001242    0.443747    0.282024    0.235880    0.228269    0.193368    0.330535    0.755495    0.468720    0.085869    0.331941    0.372922
0.001201    0.444597    0.284736    0.235724    0.227871    0.191432    0.331402    0.756147    0.470370    0.085597    0.333350    0.368096
0.001321    0.446895    0.288048    0.235655    0.227660    0.189221    0.333962    0.751863    0.470271    0.085629    0.332829    0.367949
0.001221    0.448267    0.288595    0.232462    0.226627    0.186595    0.335441    0.747653    0.472737    0.085558    0.332911    0.368065
0.001350    0.448256    0.288057    0.228131    0.225183    0.182488    0.335570    0.741962    0.470169    0.084897    0.331226    0.366676
0.001436    0.447175    0.286624    0.222448    0.221376    0.179595    0.335222    0.729212    0.469996    0.084459    0.328419    0.363535
0.001206    0.445441    0.285907    0.217263    0.217618    0.177406    0.334684    0.717821    0.469530    0.084098    0.329125    0.358119
0.001211    0.445981    0.285860    0.210683    0.213678    0.172303    0.335397    0.705500    0.472593    0.084671    0.331885    0.343759
0.001162    0.449145    0.284825    0.202807    0.209298    0.168304    0.338082    0.692551    0.473291    0.083939    0.330856    0.313821
0.001261    0.450655    0.282728    0.191659    0.202709    0.168498    0.339197    0.679515    0.472397    0.083808    0.331378    0.281052
0.001283    0.448536    0.279899    0.179383    0.195573    0.164677    0.338399    0.664532    0.472383    0.083618    0.330696    0.285998
0.001133    0.449340    0.279606    0.165912    0.185713    0.154737    0.340246    0.649455    0.474059    0.083657    0.330512    0.282114
0.001166    0.450806    0.277863    0.145399    0.170632    0.141100    0.341546    0.636568    0.474685    0.084078    0.333181    0.275008
0.001283    0.451289    0.275981    0.120462    0.150584    0.126982    0.342386    0.627146    0.475516    0.083678    0.332142    0.311042
0.001194    0.451815    0.272086    0.102480    0.133318    0.116283    0.343428    0.621340    0.474597    0.082585    0.330500    0.332708
0.000986    0.451643    0.269130    0.088868    0.118361    0.108844    0.343982    0.615030    0.474553    0.082227    0.332383    0.334554
0.001121    0.450780    0.264980    0.074432    0.101828    0.101760    0.343789    0.609622    0.473259    0.081583    0.329260    0.323915
0.001023    0.450481    0.261695    0.063233    0.087308    0.098179    0.343876    0.610363    0.473296    0.082198    0.329477    0.307126
0.000937    0.452642    0.259836    0.069022    0.094148    0.106813    0.347038    0.617424    0.472596    0.081224    0.330408    0.287491
0.000981    0.452431    0.258440    0.092776    0.121305    0.122733    0.346867    0.617989    0.474398    0.081360    0.333238    0.274470
0.001053    0.451403    0.254341    0.110279    0.139183    0.130959    0.346131    0.614305    0.472367    0.081154    0.331741    0.267079
0.000954    0.451203    0.250795    0.120311    0.148889    0.129043    0.347687    0.610690    0.475050    0.080910    0.332761    0.270317
0.000924    0.453313    0.247341    0.114521    0.144044    0.123899    0.349200    0.614211    0.475014    0.081397    0.334534    0.289430
0.000970    0.452548    0.242284    0.101321    0.131289    0.118521    0.349437    0.621285    0.476163    0.080383    0.333712    0.311700
0.000962    0.452173    0.238905    0.091835    0.121099    0.116891    0.349875    0.632457    0.471542    0.079753    0.332722    0.326079
0.000873    0.449992    0.233476    0.100262    0.130487    0.121795    0.348542    0.637496    0.471265    0.078138    0.331585    0.331675
0.001142    0.448199    0.230743    0.113814    0.143743    0.128429    0.348859    0.638993    0.465658    0.078096    0.326305    0.329217
0.001084    0.447873    0.229655    0.122506    0.150710    0.132616    0.349421    0.644676    0.470439    0.076926    0.328469    0.324020
0.001283    0.444095    0.226005    0.126599    0.154360    0.133750    0.347118    0.639486    0.459333    0.076280    0.324875    0.315368
0.001166    0.444102    0.223831    0.128196    0.158640    0.134603    0.348823    0.642873    0.460958    0.075820    0.323875    0.321001
0.001464    0.440436    0.221973    0.121738    0.152341    0.126546    0.346409    0.633544    0.450391    0.071496    0.310989    0.336199
0.001635    0.441739    0.226536    0.124372    0.154532    0.129644    0.347829    0.644175    0.453452    0.073365    0.319918    0.351126
0.001959    0.438967    0.243303    0.132922    0.162082    0.133937    0.330852    0.635599    0.436411    0.083194    0.288259    0.368797
0.002216    0.427894    0.258361    0.157636    0.183703    0.142533    0.323995    0.622844    0.397433    0.095666    0.254983    0.371637
0.004583    0.438250    0.619515    0.492787    0.508700    0.331486    0.179220    0.541692    0.227193    0.389961   -0.018438    0.655728
0.003076    0.328710   -0.797616   -0.919112   -0.782669   -0.410884    0.913211    1.242482    1.127918   -0.636555    1.297764   -0.060275
0.014754    0.974303    3.941773    3.975703    3.722195    1.616137   -0.318358   -0.817948   -0.661064    2.428322   -1.858701    2.597404
0.007172    4.496858   17.947548   17.754837   16.489262   10.231665   -1.202874    2.399825    1.127369   12.806829  -10.824739   15.052857
0.000001   -0.265698   -0.294288   -0.294965   -0.277981   -0.200076   -0.352498   -0.021656   -0.182841   -0.211232   -0.190922   -0.276192
0.000001    0.367996    0.392511    0.384617    0.350414    0.269446    0.567216    0.360633    0.355331    0.266274    0.271881    0.375896
0.000003    0.631329    0.679743    0.574760    0.491755    0.186386    0.347635    0.756014    0.492911    0.225289    0.235160    0.671665
0.000001    0.463178    0.508665    0.458735    0.393060    0.227810    0.383578    0.530065    0.440746    0.223452    0.358098    0.482908
0.000001    0.395780    0.406638    0.411878    0.373644    0.201760    0.351947    0.412922    0.386019    0.266179    0.384357    0.399104
0.000002    0.561416    0.546889    0.448459    0.400629    0.180912    0.400428    0.665198    0.501085    0.174034    0.408217    0.546399
0.000004    0.631894    0.583763    0.435156    0.400245    0.166207    0.388284    0.849862    0.592141    0.143514    0.430187    0.661393
0.000002    0.544808    0.513185    0.347213    0.392869    0.195039    0.402113    0.642482    0.512114    0.190612    0.371144    0.550477
0.000002    0.468322    0.447407    0.377234    0.366025    0.198679    0.370094    0.553721    0.451322    0.166782    0.271649    0.465134
0.000017    0.685051    0.566984    0.440511    0.401147    0.187939    0.436965    0.849783    0.469107    0.175133    0.349358    0.627019
0.000037    0.554074    0.534365    0.412740    0.410328    0.173065    0.388481    0.841717    0.537732    0.169425    0.360106    0.476085
0.000082    0.655206    0.588533    0.484691    0.398168    0.227495    0.375379    0.852925    0.579862    0.148570    0.344196    0.644129
0.000094    0.577279    0.548870    0.410155    0.393681    0.212396    0.405482    0.802761    0.544736    0.201215    0.421543    0.581163
0.000031    0.574371    0.524496    0.447748    0.357833    0.199146    0.343060    0.768777    0.360024    0.179550    0.316528    0.492909
0.000001    0.377192    0.381513    0.359410    0.319405    0.226160    0.298277    0.386231    0.343855    0.168677    0.245000    0.373004
0.000001    0.442010    0.451263    0.373744    0.370668    0.200370    0.336518    0.498189    0.419875    0.203066    0.313336    0.442336
0.000037    0.735500    0.783457    0.516320    0.481350    0.249000    0.411254    0.983128    0.439718    0.316475    0.394430    0.713998
0.000143    0.867436    1.139693    0.668426    0.721392    0.356053    0.387997    0.948883    0.794939    0.374400    0.104413    0.947471
0.000302    0.508331    0.670148    0.460909    0.531941    0.225967    0.324969    0.659596    0.344472    0.308316    0.181077    0.607158
0.000547    0.665477    1.020264    0.697873    0.622106    0.379130    0.219541    0.751441    0.284136    0.381447    0.102064    0.346071
0.001728    0.571819    0.569672    0.377628    0.441581    0.232099    0.318352    0.734257    0.360130    0.266131    0.145790    0.467060
0.001354    0.424092    0.155584    0.205111    0.239714    0.155851    0.311246    0.592577    0.456487    0.123746    0.263537    0.369570
0.001492    0.435627    0.084475    0.171792    0.206859    0.146141    0.349908    0.630663    0.444908    0.087016    0.276732    0.370250
0.002081    0.448373    0.063718    0.158918    0.192212    0.147052    0.367513    0.640027    0.469797    0.087665    0.288020    0.374221
0.002655    0.434948    0.074788    0.152675    0.200212    0.148714    0.354735    0.621189    0.436735    0.082217    0.256301    0.363439
0.002270    0.425401    0.057417    0.145378    0.183455    0.146864    0.345858    0.607035    0.462763    0.082312    0.275970    0.349108
0.002044    0.440669    0.046555    0.148884    0.183454    0.149844    0.359081    0.606359    0.474748    0.078565    0.292637    0.354009
0.001640    0.454349    0.044204    0.156658    0.189165    0.159120    0.369768    0.620394    0.481200    0.077310    0.310898    0.355825
0.001083    0.450389    0.044713    0.160515    0.187946    0.157703    0.365446    0.610462    0.484039    0.076705    0.316344    0.353743
0.000548    0.449879    0.045565    0.164400    0.185877    0.157635    0.365915    0.603913    0.479261    0.076163    0.320579    0.352360
0.000382    0.454802    0.047202    0.167275    0.188276    0.159519    0.367374    0.608405    0.480401    0.076981    0.324200    0.354632
0.000496    0.450859    0.049350    0.163693    0.184203    0.158006    0.364720    0.599248    0.478032    0.075608    0.321062    0.347709
0.000442    0.457560    0.050646    0.160882    0.186089    0.157706    0.369809    0.605691    0.474558    0.076169    0.321078    0.345722
0.002903    0.462386    0.055562    0.141724    0.184753    0.151995    0.375636    0.610742    0.471388    0.077698    0.295645    0.347471
0.007751    0.446729    0.064622    0.123566    0.180283    0.144361    0.361671    0.586924    0.470551    0.083071    0.253467    0.341805
0.004839    0.467890    0.060098    0.129397    0.180863    0.151635    0.377933    0.602291    0.474759    0.079165    0.279628    0.350015
0.005069    0.457032    0.064324    0.124307    0.174735    0.146322    0.368722    0.579708    0.467142    0.078934    0.266354    0.341112
0.002966    0.444054    0.062291    0.135949    0.174305    0.145153    0.361325    0.550624    0.472682    0.075090    0.276419    0.332980
0.000924    0.453372    0.063485    0.146816    0.177696    0.152123    0.366124    0.548866    0.476826    0.073467    0.292487    0.339168
0.000388    0.451532    0.065013    0.152672    0.179179    0.152697    0.364589    0.531367    0.475281    0.074247    0.293925    0.340582
0.000046    0.456973    0.067476    0.158391    0.180512    0.155903    0.367987    0.529511    0.479046    0.074967    0.294911    0.343516
0.000502    0.455788    0.069355    0.157683    0.179037    0.154325    0.367242    0.519696    0.475863    0.074176    0.290883    0.337959
0.000453    0.457653    0.071263    0.156584    0.180006    0.154751    0.369547    0.521196    0.477028    0.075323    0.288258    0.342310
0.001356    0.462368    0.073550    0.150637    0.179639    0.154254    0.373360    0.524118    0.474731    0.074681    0.278073    0.345179
0.002480    0.459737    0.075411    0.145349    0.178978    0.151858    0.371885    0.526611    0.476944    0.075539    0.268661    0.342701
0.001646    0.461062    0.078386    0.153573    0.180816    0.154370    0.374210    0.533594    0.481555    0.075035    0.274189    0.344424
0.002050    0.462203    0.080088    0.154231    0.181588    0.154168    0.374507    0.538745    0.479073    0.075197    0.269642    0.343225
0.001446    0.460819    0.082018    0.156386    0.182756    0.153377    0.374133    0.540965    0.479756    0.074705    0.267712    0.343574
0.001001    0.461506    0.084268    0.161767    0.184681    0.154858    0.375403    0.542926    0.482343    0.074436    0.268990    0.343215
0.000780    0.460662    0.086292    0.167119    0.186651    0.154791    0.373714    0.542369    0.479843    0.074832    0.270653    0.342535
0.000773    0.459742    0.088929    0.168065    0.186542    0.155319    0.373196    0.541448    0.479981    0.074543    0.269573    0.342041
0.000880    0.459913    0.091077    0.170380    0.187532    0.154477    0.373736    0.538562    0.478350    0.074310    0.268399    0.341019
0.000796    0.460905    0.093811    0.173119    0.188513    0.152859    0.374413    0.536773    0.480280    0.074203    0.267818    0.340134
0.000896    0.459525    0.095933    0.175247    0.189180    0.150944    0.372857    0.531301    0.479875    0.073956    0.267538    0.337160
0.000384    0.459039    0.098265    0.176004    0.189855    0.150270    0.372851    0.527624    0.477958    0.073724    0.266508    0.334490
0.000812    0.456502    0.099986    0.176540    0.189899    0.150215    0.371347    0.519603    0.476066    0.073786    0.267759    0.331424
0.000892    0.457904    0.102557    0.177398    0.190709    0.149478    0.373503    0.512595    0.478942    0.073985    0.266595    0.329621
0.000698    0.456197    0.103911    0.178234    0.190164    0.145908    0.371475    0.502208    0.477859    0.073451    0.265188    0.327450
0.000859    0.456774    0.106192    0.178075    0.190290    0.144788    0.371906    0.492820    0.476504    0.073261    0.265230    0.325560
0.000907    0.454047    0.108026    0.176645    0.189866    0.141059    0.369679    0.484496    0.476966    0.073228    0.264665    0.323316
0.000759    0.452980    0.109067    0.174556    0.187305    0.136530    0.370064    0.473394    0.472127    0.072962    0.264695    0.319211
0.000828    0.448860    0.109948    0.169482    0.184297    0.134048    0.368041    0.464286    0.471631    0.072012    0.263407    0.314914
0.000840    0.446795    0.111904    0.167389    0.183641    0.137403    0.367554    0.456919    0.469380    0.072553    0.263034    0.311041
0.000955    0.443609    0.113004    0.169566    0.184050    0.140427    0.366637    0.454499    0.469367    0.071595    0.264305    0.306049
0.001007    0.440539    0.114657    0.170278    0.184485    0.142389    0.367191    0.453866    0.469876    0.071874    0.266822    0.302618
0.001248    0.435088    0.115165    0.168150    0.182375    0.142704    0.364735    0.449784    0.466403    0.071189    0.264821    0.295432
0.001174    0.430241    0.116113    0.165794    0.180798    0.142781    0.361262    0.447450    0.464774    0.071147    0.264326    0.293149
0.000741    0.428481    0.117416    0.165139    0.179943    0.142431    0.360068    0.446734    0.464762    0.070683    0.266017    0.289257
0.001063    0.427916    0.118983    0.164643    0.180394    0.141751    0.360143    0.448464    0.463842    0.070816    0.268349    0.284091
0.001204    0.428372    0.121166    0.165021    0.179986    0.141313    0.359763    0.451179    0.463073    0.071166    0.269917    0.278784
0.001176    0.427582    0.122873    0.163738    0.179831    0.140983    0.359326    0.453488    0.464662    0.071382    0.273109    0.275743
0.001157    0.424671    0.123351    0.161104    0.177168    0.140412    0.356328    0.452600    0.461403    0.070429    0.272958    0.269211
0.001204    0.417840    0.123597    0.158271    0.174471    0.138730    0.351286    0.451113    0.458303    0.069818    0.270186    0.264523
0.001154    0.412905    0.123467    0.153889    0.171875    0.135965    0.349533    0.448972    0.456398    0.070043    0.268232    0.258411
0.001372    0.405027    0.124527    0.151356    0.170259    0.133318    0.347807    0.447229    0.454184    0.069908    0.268455    0.254022
0.000963    0.405679    0.125104    0.150077    0.169195    0.132806    0.347728    0.449556    0.455216    0.069912    0.271771    0.248273
0.001119    0.414890    0.125523    0.145919    0.165976    0.129641    0.346743    0.445524    0.451904    0.069697    0.272018    0.241779
0.001047    0.423397    0.125429    0.142630    0.162826    0.127326    0.347924    0.442315    0.451633    0.069395    0.272150    0.238957
0.001179    0.422966    0.124264    0.137685    0.159259    0.123027    0.345538    0.434302    0.450035    0.069636    0.268444    0.234228
0.001016    0.422684    0.122138    0.132663    0.155550    0.118527    0.344063    0.426062    0.448724    0.068775    0.266037    0.231246
0.001348    0.422288    0.120375    0.127155    0.151097    0.113423    0.343319    0.415154    0.446990    0.068498    0.262240    0.226915
0.001305    0.421218    0.118145    0.121627    0.145948    0.107855    0.342336    0.402694    0.445705    0.067570    0.258424    0.220176
0.001087    0.423256    0.116206    0.116091    0.141360    0.102585    0.342834    0.389036    0.446716    0.068061    0.255640    0.213451
0.001326    0.423071    0.113654    0.108343    0.134533    0.094871    0.341868    0.369139    0.444971    0.066910    0.250137    0.207084
0.001279    0.421431    0.110913    0.100002    0.127134    0.088672    0.338800    0.348576    0.444735    0.067179    0.246090    0.201040
0.001526    0.421206    0.107918    0.090721    0.118398    0.085139    0.337680    0.328238    0.442693    0.066613    0.241055    0.193486
0.001680    0.414871    0.104116    0.079051    0.106528    0.081678    0.333100    0.308013    0.438987    0.065809    0.236564    0.182190
0.001098    0.409933    0.100493    0.067653    0.094692    0.077476    0.330461    0.294103    0.435835    0.065203    0.232239    0.171600
0.001395    0.407826    0.098270    0.058335    0.084100    0.073594    0.329456    0.286149    0.434367    0.065082    0.230356    0.164244
0.001071    0.406354    0.097060    0.051829    0.075289    0.069192    0.327755    0.276819    0.433957    0.065643    0.230766    0.153701
0.001341    0.403701    0.094633    0.046438    0.067139    0.065504    0.327892    0.265164    0.433285    0.064629    0.231275    0.139999
0.001434    0.400706    0.092864    0.041492    0.060837    0.062318    0.325140    0.252652    0.430482    0.064032    0.232091    0.128959
0.001104    0.396318    0.090304    0.035399    0.052549    0.058366    0.321710    0.244639    0.428430    0.063774    0.229758    0.123167
0.001547    0.394094    0.087895    0.029079    0.041939    0.055932    0.319799    0.244324    0.429686    0.063940    0.229647    0.132674
0.001355    0.390772    0.084790    0.023692    0.033280    0.055194    0.316712    0.244975    0.427771    0.062967    0.229104    0.149899
0.001219    0.390085    0.082630    0.020350    0.028348    0.054819    0.315757    0.247510    0.430018    0.063296    0.229890    0.164878
0.001895    0.388821    0.080634    0.021449    0.028719    0.055553    0.314254    0.251632    0.423683    0.062967    0.225388    0.175573
0.001772    0.386813    0.080026    0.029060    0.042753    0.058902    0.311788    0.259895    0.425128    0.063374    0.223531    0.185648
0.001329    0.386513    0.078638    0.034777    0.051199    0.060380    0.311485    0.261305    0.425724    0.062660    0.225207    0.193047
0.001281    0.387918    0.076978    0.036049    0.052748    0.060017    0.310556    0.261619    0.426140    0.062672    0.224338    0.197691
0.001246    0.388132    0.075448    0.034226    0.050431    0.058975    0.309255    0.256200    0.424839    0.063300    0.223486    0.199219
0.001331    0.382606    0.073256    0.031092    0.045605    0.056924    0.304732    0.247032    0.421225    0.061829    0.219385    0.197901
0.001474    0.384871    0.071805    0.026406    0.039227    0.055189    0.307842    0.242430    0.424444    0.062951    0.221581    0.197268
0.001833    0.374673    0.069129    0.023149    0.032656    0.054442    0.301552    0.237745    0.416045    0.060827    0.217324    0.188548
0.001517    0.372390    0.068020    0.025259    0.035642    0.055480    0.301442    0.239466    0.417435    0.061084    0.219085    0.176623
0.001267    0.370940    0.066315    0.027962    0.041443    0.055682    0.301688    0.241178    0.414074    0.061593    0.219530    0.163003
0.001315    0.369799    0.064363    0.027518    0.040764    0.055989    0.301933    0.242496    0.409207    0.060904    0.218598    0.146414
0.001960    0.358108    0.062546    0.027236    0.039229    0.053860    0.293708    0.236184    0.400104    0.059990    0.213270    0.131662
0.002125    0.362075    0.061961    0.027794    0.039429    0.055290    0.298876    0.239911    0.402653    0.059676    0.215975    0.138738
0.001957    0.355119    0.060331    0.027172    0.039268    0.053545    0.294197    0.237544    0.397678    0.059107    0.213629    0.157329
0.001694    0.349408    0.058542    0.027080    0.036709    0.053375    0.290971    0.235248    0.393767    0.058484    0.212104    0.169514
0.001849    0.351311    0.057257    0.026924    0.037109    0.052982    0.291648    0.237797    0.396240    0.058681    0.213922    0.174465
0.001964    0.345719    0.055160    0.026537    0.037061    0.052722    0.288990    0.236629    0.389069    0.057081    0.213381    0.164250
0.001956    0.345287    0.053237    0.026276    0.036567    0.053655    0.287085    0.238611    0.383849    0.059308    0.212566    0.154629
0.001801    0.337533    0.052177    0.026606    0.036940    0.052096    0.280584    0.234232    0.373187    0.057324    0.207067    0.155787
0.002147    0.337594    0.051819    0.028116    0.037436    0.052655    0.279083    0.237125    0.373855    0.055983    0.206722    0.167244
0.002592    0.323874    0.051314    0.028426    0.039348    0.051503    0.268643    0.231612    0.360806    0.054893    0.200888    0.171214
0.002268    0.321515    0.047502    0.029040    0.038916    0.052871    0.267380    0.228784    0.362998    0.055488    0.199661    0.174339
0.001886    0.312604    0.044480    0.027363    0.036480    0.050676    0.260678    0.220189    0.352707    0.053652    0.196351    0.170850
0.001923    0.312958    0.042897    0.027299    0.037786    0.052077    0.260683    0.223880    0.345005    0.054293    0.193608    0.169969
0.002189    0.286730    0.041554    0.027481    0.037051    0.050173    0.239749    0.212454    0.330840    0.052868    0.184795    0.159239
0.001458    0.301609    0.039088    0.026548    0.037034    0.050186    0.251040    0.218507    0.331291    0.052067    0.180944    0.157551
0.002881    0.293926    0.040968    0.028444    0.038052    0.050680    0.243980    0.212318    0.314872    0.051227    0.176882    0.151628
0.002139    0.269787    0.045251    0.033220    0.045981    0.052076    0.224842    0.203693    0.306398    0.050030    0.157192    0.141574
0.002790    0.271151    0.035193    0.030264    0.040273    0.046648    0.228047    0.189491    0.304969    0.047336    0.161247    0.127109
0.002318    0.263824    0.032755    0.029425    0.039655    0.047149    0.220732    0.187645    0.291114    0.046553    0.156971    0.122718
0.002625    0.256997    0.033638    0.030297    0.042229    0.046259    0.214250    0.185282    0.283216    0.045012    0.152119    0.119907
0.002799    0.252331    0.038625    0.034332    0.047165    0.046537    0.210053    0.183995    0.266446    0.044821    0.141273    0.117385
0.003245    0.243196    0.040762    0.040581    0.049890    0.050751    0.202472    0.188326    0.264530    0.047813    0.139916    0.117180
0.002726    0.255077    0.068048    0.055726    0.069924    0.061437    0.201024    0.216101    0.250764    0.062180    0.136977    0.140226
0.003596    0.337002    0.249379    0.159557    0.181637    0.127886    0.240261    0.454510    0.308454    0.110399    0.222081    0.263239
0.003170    0.472286    0.498293    0.278984    0.261465    0.210886    0.255206    0.702458    0.406371    0.202821    0.160020    0.355100
0.003717    0.289826    0.216578    0.142211    0.163177    0.133572    0.200123    0.394868    0.312347    0.108827    0.177637    0.205304
0.003665    0.231622    0.114358    0.075013    0.091442    0.069075    0.190557    0.260606    0.225550    0.071181    0.122057    0.154934
