0383.035614000000
0388.041809000000
0393.048004000000
0398.054199000000
0403.060394000000
0408.066589000000
0413.072815000000
0418.079010000000
0423.085205000000
0428.091400000000
0433.097595000000
0438.103790000000
0443.109985000000
0448.116211000000
0453.122406000000
0458.128601000000
0463.134796000000
0468.140991000000
0473.147186000000
0478.153412000000
0483.159607000000
0488.165802000000
0493.171997000000
0498.178192000000
0503.184387000000
0508.190613000000
0513.196777000000
0518.203003000000
0523.209229000000
0528.215393000000
0533.221619000000
0538.227783000000
0543.234009000000
0548.240173000000
0553.246399000000
0558.252625000000
0563.258789000000
0568.265015000000
0573.271179000000
0578.277405000000
0583.283630000000
0588.289795000000
0593.296021000000
0598.302185000000
0603.308411000000
0608.314575000000
0613.320801000000
0618.327026000000
0623.333191000000
0628.339417000000
0633.345581000000
0638.351807000000
0643.357971000000
0648.364197000000
0653.370422000000
0658.376587000000
0663.382812000000
0668.388977000000
0673.395203000000
0678.401428000000
0683.407593000000
0688.413818000000
0693.419983000000
0698.426208000000
0703.432373000000
0708.438599000000
0713.444824000000
0718.450989000000
0723.457214000000
0728.463379000000
0733.469604000000
0738.475830000000
0743.481995000000
0748.488220000000
0753.494385000000
0758.500610000000
0763.506775000000
0768.513000000000
0773.519226000000
0778.525391000000
0783.531616000000
0788.537781000000
0793.544006000000
0798.550171000000
0803.556396000000
0808.562622000000
0813.568787000000
0818.575012000000
0823.581177000000
0828.587402000000
0833.593628000000
0838.599792000000
0843.606018000000
0848.612183000000
0853.618408000000
0858.624573000000
0863.630798000000
0868.637024000000
0873.643188000000
0878.649414000000
0883.655579000000
0888.661804000000
0893.668030000000
0898.674194000000
0903.680420000000
0908.686584000000
0913.692810000000
0918.698975000000
0923.705200000000
0928.711426000000
0933.717590000000
0938.723816000000
0943.729980000000
0948.736206000000
0953.742371000000
0958.748596000000
0963.754822000000
0968.760986000000
0973.767212000000
0978.773376000000
0983.779602000000
0988.785828000000
0993.791992000000
0998.798218000000
1003.804382000000
1008.810608000000
1013.816772000000
1018.822998000000
1023.829224000000
1028.835449000000
1033.841553000000
1038.847778000000
1043.854004000000
1048.860229000000
1053.866455000000
1058.872559000000
1063.878784000000
1068.885010000000
1073.891235000000
1078.897461000000
1083.903564000000
1088.909790000000
1093.916016000000
1098.922241000000
1103.928345000000
1108.934570000000
1113.940796000000
1118.947021000000
1123.953247000000
1128.959351000000
1133.965576000000
1138.971802000000
1143.978027000000
1148.984253000000
1153.990356000000
1158.996582000000
1164.002808000000
1169.009033000000
1174.015259000000
1179.021362000000
1184.027588000000
1189.033813000000
1194.040039000000
1199.046143000000
1204.052368000000
1209.058594000000
1214.064819000000
1219.071045000000
1224.077148000000
1229.083374000000
1234.089600000000
1239.095825000000
1244.102051000000
1249.108154000000
1254.114380000000
1259.120605000000
1264.126831000000
1269.133057000000
1274.139160000000
1279.145386000000
1284.151611000000
1289.157837000000
1294.163940000000
1299.170166000000
1304.176392000000
1309.182617000000
1314.188843000000
1319.194946000000
1324.201172000000
1329.207397000000
1334.213623000000
1339.219849000000
1344.225952000000
1349.232178000000
1419.318970000000
1424.325195000000
1429.331421000000
1434.337646000000
1439.343750000000
1444.349976000000
1449.356201000000
1454.362427000000
1459.368652000000
1464.374756000000
1469.380981000000
1474.387207000000
1479.393433000000
1484.399658000000
1489.405762000000
1494.411987000000
1499.418213000000
1504.424438000000
1509.430542000000
1514.436768000000
1519.442993000000
1524.449219000000
1529.455444000000
1534.461548000000
1539.467773000000
1544.473999000000
1549.480225000000
1554.486450000000
1559.492554000000
1564.498779000000
1569.505005000000
1574.511230000000
1579.517456000000
1584.523560000000
1589.529785000000
1594.536011000000
1599.542236000000
1604.548340000000
1609.554565000000
1614.560791000000
1619.567017000000
1624.573242000000
1629.579346000000
1634.585571000000
1639.591797000000
1644.598022000000
1649.604248000000
1654.610352000000
1659.616577000000
1664.622803000000
1669.629028000000
1674.635254000000
1679.641357000000
1684.647583000000
1689.653809000000
1694.660034000000
1699.666260000000
1704.672363000000
1709.678589000000
1714.684814000000
1719.691040000000
1724.697144000000
1729.703369000000
1734.709595000000
1739.715820000000
1744.722046000000
1749.728149000000
1754.734375000000
1759.740601000000
1764.746826000000
1769.753052000000
1774.759155000000
1779.765381000000
1784.771606000000
1789.777832000000
1794.784058000000
1799.790161000000
1804.796387000000
1809.802612000000
1939.963745000000
1944.969971000000
1949.976196000000
1954.982422000000
1959.988647000000
1964.994751000000
1970.000977000000
1975.007202000000
1980.013428000000
1985.019653000000
1990.025757000000
1995.031982000000
2000.038208000000
2005.044434000000
2010.050659000000
2015.056763000000
2020.062988000000
2025.069214000000
2030.075439000000
2035.081543000000
2040.087769000000
2045.093994000000
2050.100098000000
2055.106445000000
2060.112549000000
2065.118896000000
2070.125000000000
2075.131104000000
2080.137451000000
2085.143555000000
2090.149902000000
2095.156006000000
2100.162109000000
2105.168457000000
2110.174561000000
2115.180908000000
2120.187012000000
2125.193115000000
2130.199463000000
2135.205566000000
2140.211914000000
2145.218018000000
2150.224121000000
2155.230469000000
2160.236572000000
2165.242920000000
2170.249023000000
2175.255127000000
2180.261475000000
2185.267578000000
2190.273682000000
2195.280029000000
2200.286133000000
2205.292480000000
2210.298584000000
2215.304688000000
2220.311035000000
2225.317139000000
2230.323486000000
2235.329590000000
2240.335693000000
2245.342041000000
2250.348145000000
2255.354492000000
2260.360596000000
2265.366699000000
2270.373047000000
2275.379150000000
2280.385498000000
2285.391602000000
2290.397705000000
2295.404053000000
2300.410156000000
2305.416504000000
2310.422607000000
2315.428711000000
2320.435059000000
2325.441162000000
2330.447510000000
2335.453613000000
2340.459717000000
2345.466064000000
2350.472168000000
2355.478516000000
2360.484619000000
2365.490723000000
2370.497070000000
2375.503174000000
2380.509521000000
2385.515625000000
2390.521729000000
2395.528076000000
2400.534180000000
2405.540283000000
2410.546631000000
2415.552734000000
2420.559082000000
2425.565186000000
2430.571289000000
2435.577637000000
2440.583740000000
2445.590088000000
2450.596191000000
2455.602295000000
2460.608643000000
2465.614746000000
2470.621094000000
2475.627197000000
2480.633301000000
2485.639648000000
2490.645752000000
2495.652100000000
2500.658203000000
2505.664307000000
2510.670654000000
