376.859985
381.869995
386.880005
391.890015
396.890015
401.899994
406.910004
411.920013
416.929993
421.940002
426.950012
431.959991
436.959991
441.970001
446.980011
451.989990
457.000000
462.010010
467.019989
472.019989
477.029999
482.040009
487.049988
492.059998
497.070007
502.079987
507.089996
512.090027
517.099976
522.109985
527.119995
532.130005
537.140015
542.150024
547.150024
552.159973
557.169983
562.179993
567.190002
572.200012
577.210022
582.219971
587.219971
592.229980
597.239990
602.250000
607.260010
612.270020
617.280029
622.280029
627.289978
632.299988
637.309998
642.320007
647.330017
652.340027
657.349976
662.349976
667.359985
672.369995
677.380005
682.390015
687.400024
692.409973
697.409973
702.419983
707.429993
712.440002
717.450012
722.460022
727.469971
732.479980
737.479980
742.489990
747.500000
752.510010
757.520020
762.530029
767.539978
772.539978
777.549988
782.559998
787.570007
792.580017
797.590027
802.599976
807.609985
812.609985
817.619995
822.630005
827.640015
832.650024
837.659973
842.669983
847.669983
852.679993
857.690002
862.700012
867.710022
872.719971
877.729980
882.739990
887.739990
892.750000
897.760010
902.770020
907.780029
912.789978
917.799988
922.809998
927.809998
932.820007
937.830017
942.840027
947.849976
952.859985
957.869995
962.869995
967.880005
972.890015
977.900024
982.909973
987.919983
992.929993
997.940002
1002.940002
1007.950012
1012.960022
1017.969971
1022.979980
1027.989990
1033.000000
1038.000000
1043.010010
1048.020020
1053.030029
1058.040039
1063.050049
1068.060059
1073.069946
1078.069946
1083.079956
1088.089966
1093.099976
1098.109985
1103.119995
1108.130005
1113.130005
1118.140015
1123.150024
1128.160034
1133.170044
1138.180054
1143.189941
1148.199951
1153.199951
1158.209961
1163.219971
1168.229980
1173.239990
1178.250000
1183.260010
1188.260010
1193.270020
1198.280029
1203.290039
1208.300049
1213.310059
1218.319946
1223.329956
1228.329956
1233.339966
1238.349976
1243.359985
1248.369995
1253.380005
1258.390015
1263.390015
1268.400024
1273.410034
1278.420044
1283.430054
1288.439941
1293.449951
1298.459961
1303.459961
1308.469971
1313.479980
1318.489990
1323.500000
1328.510010
1333.520020
1338.520020
1343.530029
1348.540039
1353.550049
1358.560059
1363.569946
1368.579956
1373.589966
1378.589966
1383.599976
1388.609985
1393.619995
1398.630005
1403.640015
1408.650024
1413.650024
1418.660034
1423.670044
1428.680054
1433.689941
1438.699951
1443.709961
1448.719971
1453.719971
1458.729980
1463.739990
1468.750000
1473.760010
1478.770020
1483.780029
1488.780029
1493.790039
1498.800049
1503.810059
1508.819946
1513.829956
1518.839966
1523.849976
1528.849976
1533.859985
1538.869995
1543.880005
1548.890015
1553.900024
1558.910034
1563.910034
1568.920044
1573.930054
1578.939941
1583.949951
1588.959961
1593.969971
1598.979980
1603.979980
1608.989990
1614.000000
1619.010010
1624.020020
1629.030029
1634.040039
1639.040039
1644.050049
1649.060059
1654.069946
1659.079956
1664.089966
1669.099976
1674.109985
1679.109985
1684.119995
1689.130005
1694.140015
1699.150024
1704.160034
1709.170044
1714.170044
1719.180054
1724.189941
1729.199951
1734.209961
1739.219971
1744.229980
1749.239990
1754.239990
1759.250000
1764.260010
1769.270020
1774.280029
1779.290039
1784.300049
1789.300049
1794.310059
1799.319946
1804.329956
1809.339966
1814.349976
1819.359985
1824.369995
1829.369995
1834.380005
1839.390015
1844.400024
1849.410034
1854.420044
1859.430054
1864.439941
1869.439941
1874.449951
1879.459961
1884.469971
1889.479980
1894.489990
1899.500000
1904.500000
1909.510010
1914.520020
1919.530029
1924.540039
1929.550049
1934.560059
1939.569946
1944.569946
1949.579956
1954.589966
1959.599976
1964.609985
1969.619995
1974.630005
1979.630005
1984.640015
1989.650024
1994.660034
1999.670044
2004.680054
2009.689941
2014.699951
2019.699951
2024.709961
2029.719971
2034.729980
2039.739990
2044.750000
2049.760010
2054.760010
2059.770020
2064.780029
2069.790039
2074.800049
2079.810059
2084.820068
2089.830078
2094.830078
2099.840088
2104.850098
2109.860107
2114.870117
2119.879883
2124.889893
2129.889893
2134.899902
2139.909912
2144.919922
2149.929932
2154.939941
2159.949951
2164.959961
2169.959961
2174.969971
2179.979980
2184.989990
2190.000000
2195.010010
2200.020020
2205.020020
2210.030029
2215.040039
2220.050049
2225.060059
2230.070068
2235.080078
2240.090088
2245.090088
2250.100098
2255.110107
2260.120117
2265.129883
2270.139893
2275.149902
2280.149902
2285.159912
2290.169922
2295.179932
2300.189941
2305.199951
2310.209961
2315.219971
2320.219971
2325.229980
2330.239990
2335.250000
2340.260010
2345.270020
2350.280029
2355.280029
2360.290039
2365.300049
2370.310059
2375.320068
2380.330078
2385.340088
2390.350098
2395.350098
2400.360107
2405.370117
2410.379883
2415.389893
2420.399902
2425.409912
2430.409912
2435.419922
2440.429932
2445.439941
2450.449951
2455.459961
2460.469971
2465.479980
2470.479980
2475.489990
2480.500000
2485.510010
2490.520020
2495.530029
2500.540039
